1.182559786061672336e+00 0.000000000000000000e+00
1.187584911689812950e+00 2.571355784410153666e-01
1.192610037317953786e+00 5.142711568820307333e-01
1.197635162946094400e+00 7.714067353230459334e-01
1.202660288574235237e+00 1.028542313764061467e+00
1.207685414202375851e+00 1.285677892205076889e+00
1.212710539830516465e+00 1.542813470646091867e+00
1.217735665458657301e+00 1.799949049087107511e+00
1.222760791086797916e+00 2.057084627528122933e+00
1.227785916714938752e+00 2.314220205969137911e+00
1.232811042343079366e+00 2.571355784410153777e+00
1.237836167971219981e+00 2.828491362851169200e+00
1.241199114296135386e+00 3.000573259407285143e+00
1.242861293599360817e+00 3.007737267689092331e+00
1.247886419227501431e+00 3.029395605960582660e+00
1.252911544855642267e+00 3.051053944232072102e+00
1.257936670483782882e+00 3.072712282503561543e+00
1.262961796111923496e+00 3.094370620775050984e+00
1.267986921740064332e+00 3.116028959046540869e+00
1.273012047368204946e+00 3.137687297318030311e+00
1.278037172996345783e+00 3.159345635589519752e+00
1.283062298624486397e+00 3.181003973861009193e+00
1.288087424252627011e+00 3.202662312132499078e+00
1.293112549880767848e+00 3.224320650403988520e+00
1.298137675508908462e+00 3.245978988675477961e+00
1.303162801137049298e+00 3.267637326946967846e+00
1.308187926765189912e+00 3.289295665218457287e+00
1.313213052393330749e+00 3.310954003489946729e+00
1.318238178021471363e+00 3.332612341761436170e+00
1.323263303649611977e+00 3.354270680032926055e+00
1.328288429277752813e+00 3.375929018304415496e+00
1.333313554905893428e+00 3.397587356575905382e+00
1.338338680534034264e+00 3.419245694847395267e+00
1.343363806162174878e+00 3.440904033118884708e+00
1.348388931790315493e+00 3.462562371390374150e+00
1.353414057418456329e+00 3.484220709661863591e+00
1.358439183046596943e+00 3.505879047933353476e+00
1.363464308674737779e+00 3.527537386204842917e+00
1.368489434302878394e+00 3.549195724476332359e+00
1.373514559931019008e+00 3.570854062747821800e+00
1.378539685559159844e+00 3.592512401019311685e+00
1.383564811187300458e+00 3.614170739290801126e+00
1.388589936815441295e+00 3.635829077562290568e+00
1.393615062443581909e+00 3.657487415833780453e+00
1.398640188071722523e+00 3.679145754105269894e+00
1.403665313699863360e+00 3.700804092376759336e+00
1.408690439328003974e+00 3.722462430648248777e+00
1.413715564956144810e+00 3.744120768919738662e+00
1.418740690584285424e+00 3.765779107191228547e+00
1.423765816212426039e+00 3.787437445462717545e+00
1.428790941840566875e+00 3.809095783734207430e+00
1.433816067468707489e+00 3.830754122005696871e+00
1.438841193096848325e+00 3.852412460277186312e+00
1.443866318724988940e+00 3.874070798548676198e+00
1.448891444353129554e+00 3.895729136820166083e+00
1.453916569981270390e+00 3.917387475091655524e+00
1.458941695609411004e+00 3.939045813363144966e+00
1.463966821237551841e+00 3.960704151634634407e+00
1.468991946865692455e+00 3.982362489906124292e+00
1.474017072493833069e+00 4.004020828177613289e+00
1.479042198121973906e+00 4.025679166449103619e+00
1.484067323750114520e+00 4.047337504720593060e+00
1.489092449378255356e+00 4.068995842992082501e+00
1.494117575006395970e+00 4.090654181263571942e+00
1.499142700634536585e+00 4.112312519535061384e+00
1.504167826262677421e+00 4.133970857806551713e+00
1.509192951890818035e+00 4.155629196078041154e+00
1.514218077518958872e+00 4.177287534349530596e+00
1.519243203147099486e+00 4.198945872621020037e+00
1.524268328775240100e+00 4.220604210892509478e+00
1.529293454403380936e+00 4.242262549163998919e+00
1.534318580031521551e+00 4.263920887435489249e+00
1.539343705659662387e+00 4.285579225706977802e+00
1.544368831287803001e+00 4.307237563978468131e+00
1.549393956915943615e+00 4.328895902249957572e+00
1.554419082544084452e+00 4.350554240521447014e+00
1.559444208172225066e+00 4.372212578792936455e+00
1.564469333800365902e+00 4.393870917064425896e+00
1.569494459428506516e+00 4.415529255335915337e+00
1.574519585056647131e+00 4.437187593607405667e+00
1.579544710684787967e+00 4.458845931878895108e+00
1.584569836312928581e+00 4.480504270150384549e+00
1.589594961941069418e+00 4.502162608421873990e+00
1.594620087569210032e+00 4.523820946693363432e+00
1.599645213197350646e+00 4.545479284964853761e+00
1.604670338825491482e+00 4.567137623236343202e+00
1.609695464453632097e+00 4.588795961507832644e+00
1.614720590081772933e+00 4.610454299779322085e+00
1.619745715709913547e+00 4.632112638050811526e+00
1.624770841338054161e+00 4.653770976322300967e+00
1.629795966966194998e+00 4.675429314593790409e+00
1.634821092594335612e+00 4.697087652865280738e+00
1.639846218222476448e+00 4.718745991136770179e+00
1.644871343850617063e+00 4.740404329408259620e+00
1.649896469478757677e+00 4.762062667679749950e+00
1.654921595106898513e+00 4.783721005951239391e+00
1.659946720735039127e+00 4.805379344222728832e+00
1.664971846363179964e+00 4.827037682494218274e+00
1.669996971991320578e+00 4.848696020765707715e+00
1.675022097619461192e+00 4.870354359037197156e+00
1.680047223247602028e+00 4.892012697308686597e+00
1.685072348875742643e+00 4.913671035580176039e+00
1.690097474503883479e+00 4.935329373851666368e+00
1.695122600132024093e+00 4.956987712123155809e+00
1.700147725760164708e+00 4.978646050394645250e+00
1.705172851388305544e+00 5.000304388666135580e+00
1.710197977016446158e+00 5.021962726937624133e+00
1.715223102644586994e+00 5.043621065209114462e+00
1.720248228272727609e+00 5.065279403480603904e+00
1.725273353900868223e+00 5.086937741752093345e+00
1.730298479529009059e+00 5.108596080023582786e+00
1.735323605157149895e+00 5.130254418295072227e+00
1.740348730785290510e+00 5.151912756566561669e+00
1.745373856413431124e+00 5.173571094838051998e+00
1.750398982041571738e+00 5.195229433109541439e+00
1.755424107669712575e+00 5.216887771381030880e+00
1.760449233297853411e+00 5.238546109652521210e+00
1.765474358925994025e+00 5.260204447924010651e+00
1.770499484554134639e+00 5.281862786195500092e+00
1.775524610182275254e+00 5.303521124466989534e+00
1.780549735810416090e+00 5.325179462738478975e+00
1.785574861438556926e+00 5.346837801009968416e+00
1.790599987066697540e+00 5.368496139281457857e+00
1.795625112694838155e+00 5.390154477552947299e+00
1.800650238322978769e+00 5.411812815824436740e+00
1.805675363951119605e+00 5.433471154095927069e+00
1.810700489579260442e+00 5.455129492367416510e+00
1.815725615207401056e+00 5.476787830638905952e+00
1.820750740835541670e+00 5.498446168910395393e+00
1.825775866463682284e+00 5.520104507181885722e+00
1.830800992091823121e+00 5.541762845453375164e+00
1.835826117719963957e+00 5.563421183724864605e+00
1.840851243348104571e+00 5.585079521996354046e+00
1.845876368976245185e+00 5.606737860267843487e+00
1.850901494604385800e+00 5.628396198539332929e+00
1.855926620232526636e+00 5.650054536810822370e+00
1.860951745860667472e+00 5.671712875082311811e+00
1.865976871488808086e+00 5.693371213353801252e+00
1.871001997116948701e+00 5.715029551625291582e+00
1.876027122745089315e+00 5.736687889896781023e+00
1.881052248373230151e+00 5.758346228168270464e+00
1.886077374001370988e+00 5.780004566439760794e+00
1.891102499629511602e+00 5.801662904711250235e+00
1.896127625257652216e+00 5.823321242982739676e+00
1.901152750885792830e+00 5.844979581254229117e+00
1.906177876513933667e+00 5.866637919525718559e+00
1.911203002142074503e+00 5.888296257797208000e+00
1.916228127770215117e+00 5.909954596068697441e+00
1.921253253398355731e+00 5.931612934340186882e+00
1.926278379026496346e+00 5.953271272611677212e+00
1.931303504654637182e+00 5.974929610883166653e+00
1.936328630282778018e+00 5.996587949154656094e+00
1.941353755910918633e+00 6.018246287426146424e+00
1.946378881539059247e+00 6.039904625697635865e+00
1.951404007167199861e+00 6.061562963969125306e+00
1.956429132795340697e+00 6.083221302240614747e+00
1.961454258423481534e+00 6.104879640512104189e+00
1.966479384051622148e+00 6.126537978783593630e+00
1.971504509679762762e+00 6.148196317055083071e+00
1.976529635307903376e+00 6.169854655326572512e+00
1.981554760936044213e+00 6.191512993598062842e+00
1.986579886564185049e+00 6.213171331869552283e+00
1.991605012192325663e+00 6.234829670141041724e+00
1.996630137820466278e+00 6.256488008412530277e+00
2.001655263448606892e+00 6.278146346684021495e+00
2.006680389076747950e+00 6.299804684955510936e+00
2.011705514704888564e+00 6.321463023227000377e+00
2.016730640333029179e+00 6.343121361498489819e+00
2.021755765961169793e+00 6.364779699769979260e+00
2.026780891589310407e+00 6.386438038041468701e+00
2.031806017217451021e+00 6.408096376312958142e+00
2.036831142845592080e+00 6.429754714584447584e+00
2.041856268473732694e+00 6.451413052855937913e+00
2.046881394101873308e+00 6.473071391127426466e+00
2.051906519730013922e+00 6.494729729398915907e+00
2.056931645358154981e+00 6.516388067670406237e+00
2.061956770986295595e+00 6.538046405941896566e+00
2.066981896614436209e+00 6.559704744213386007e+00
2.072007022242576824e+00 6.581363082484875449e+00
2.077032147870717438e+00 6.603021420756364890e+00
2.082057273498858052e+00 6.624679759027854331e+00
2.087082399126999110e+00 6.646338097299343772e+00
2.092107524755139725e+00 6.667996435570833214e+00
2.097132650383280339e+00 6.689654773842322655e+00
2.102157776011420953e+00 6.711313112113812096e+00
2.107182901639562012e+00 6.732971450385301537e+00
2.112208027267702626e+00 6.754629788656791867e+00
2.117233152895843240e+00 6.776288126928281308e+00
2.122258278523983854e+00 6.797946465199770749e+00
2.127283404152124469e+00 6.819604803471261079e+00
2.132308529780265083e+00 6.841263141742750520e+00
2.137333655408406141e+00 6.862921480014239961e+00
2.142358781036546755e+00 6.884579818285729402e+00
2.147383906664687370e+00 6.906238156557218844e+00
2.152409032292827984e+00 6.927896494828708285e+00
2.157434157920969042e+00 6.949554833100197726e+00
2.162459283549109657e+00 6.971213171371687167e+00
2.167484409177250271e+00 6.992871509643177497e+00
2.172509534805390885e+00 7.014529847914666938e+00
2.177534660433531499e+00 7.036188186186156379e+00
2.182559786061672114e+00 7.057846524457645820e+00
