# Material : Energy Deposition(eV) : x : y : z : IDL2 : IDL5
   2  1.05691E+05  8.49492E+00  5.28372E+01  1.00000E+01   0
   2  1.01289E+05 -2.52671E-01  1.28727E+00  1.00000E+01   0
   2  6.63735E+04  1.43557E+01 -6.44114E+00  1.00000E+01   0
   2  5.53194E+04  4.00006E+00  3.27675E-01  1.00000E+01   0
   2  1.22583E+05  3.98418E-01  4.18888E+01  1.00000E+01   0
   2  7.96837E+04 -1.10292E+01  1.98577E+01  1.00000E+01   0
   2  7.52680E+04  1.04672E+00  1.72019E+01  1.00000E+01   0
   2  6.37999E+04 -1.17472E-01 -1.74415E+01  1.00000E+01   0
   2  5.71466E+04 -9.16850E+00  5.83643E-02  1.00000E+01   0
   2  8.63671E+04  7.08599E-01 -2.23699E-01  1.00000E+01   0
   2  6.89995E+04  3.27456E+00 -1.19303E+00  1.00000E+01   2
   2  6.80689E+04  6.50288E+00 -6.63678E+00  1.00000E+01   0
   2  1.46916E+05  4.67014E+00  1.02898E+02  1.00000E+01   0
   2  6.20199E+04 -3.14005E+00  6.16229E+00  1.00000E+01   0
   2  8.49221E+04  6.12463E-01  9.83813E+00  1.00000E+01   0
   2  6.65162E+04  1.23737E+00  4.96082E-02  1.00000E+01   0
   2  1.06478E+05 -6.48700E-02  1.93665E+00  1.00000E+01   0
   2  5.79833E+04  4.21810E+00  4.38303E+00  1.00000E+01   0
   2  6.20094E+04  4.36461E-01 -5.74626E+00  1.00000E+01   0
   2  1.26720E+05  4.00566E+00  7.80342E+00  1.00000E+01   0
   2  7.39536E+04  2.94982E+00  7.34204E+00  1.00000E+01   0
   2  8.97464E+04 -1.27725E+01 -4.60222E+00  1.00000E+01   0
   2  9.12261E+04 -5.33303E+00  5.44152E+00  1.00000E+01   0
   2  9.66913E+04 -5.62253E+00 -1.30279E+01  1.00000E+01   0
   2  8.81751E+04  8.85430E+00 -1.16265E+01  1.00000E+01   0
   2  5.77457E+04 -5.82949E+00  6.96672E-01  1.00000E+01   0
   2  4.85706E+04  6.93707E+00 -9.80566E+00  1.00000E+01   0
   2  6.05146E+04 -1.05349E+01 -3.87690E+00  1.00000E+01   0
   2  5.76421E+04 -9.06353E+00  9.09661E+00  1.00000E+01   0
   2  6.66169E+04  6.20566E+01 -6.23045E+00  1.00000E+01   0
   2  7.93790E+04 -7.07570E+00 -1.84517E+00  1.00000E+01   0
   2  5.06010E+04 -2.93105E+00 -1.16177E+00  1.00000E+01   0
   2  6.27230E+04  2.60207E+00  1.53735E+00  1.00000E+01   0
   2  5.72691E+04 -4.23700E+00  1.60364E+00  1.00000E+01   0
   2  8.91634E+04 -6.73845E+00  9.55775E+00  1.00000E+01   0
   2  5.25804E+04  4.36814E+00 -7.71986E+00  1.00000E+01   0
   2  6.44639E+04  4.05121E+00  1.06204E+00  1.00000E+01   0
   2  1.23529E+05 -1.24049E+01  1.94623E+01  1.00000E+01   0
   2  9.59398E+04 -1.84192E+00 -4.96189E-02  1.00000E+01   0
   2  8.11764E+04 -1.36784E+01 -7.09217E+00  1.00000E+01   0
   2  8.80626E+04  4.95987E-01  6.42988E+00  1.00000E+01   0
   2  6.36463E+04 -4.04140E+01 -1.64164E+01  1.00000E+01   0
   2  7.84256E+04  5.16620E+00 -7.07419E+00  1.00000E+01   0
   2  7.30856E+04 -9.45451E+00  1.50359E+01  1.00000E+01   0
   2  8.26570E+04 -8.29978E+00 -3.26274E+00  1.00000E+01   0
   2  6.58708E+04 -5.34878E+00 -5.91578E+00  1.00000E+01   0
   2  9.06689E+04 -6.98423E+00  1.26353E+01  1.00000E+01   0
   2  5.51386E+04 -1.29122E-01 -6.86052E+00  1.00000E+01   0
   2  5.23361E+04  1.40459E+01 -1.39249E+01  1.00000E+01   0
   2  7.01975E+04 -8.61666E+00  3.44720E+00  1.00000E+01   0
   2  7.26573E+04  1.10152E+01  2.22793E+00  1.00000E+01   0
   2  4.88690E+04 -6.30066E+00  3.56411E-01  1.00000E+01   0
   2  6.03635E+04 -5.16160E+00  1.41129E+00  1.00000E+01   0
   2  8.17479E+04  5.66578E+00  4.39955E+00  1.00000E+01   0
   2  7.44812E+04 -3.16740E+00  1.70492E+01  1.00000E+01   0
   2  7.50665E+04 -4.47161E+00 -9.55080E+00  1.00000E+01   0
   2  5.52875E+04  1.38381E+01  1.60818E+01  1.00000E+01   0
   2  5.92399E+04  3.64397E+00 -2.64496E+00  1.00000E+01   2
   2  1.06560E+05 -2.11887E+01  1.98468E+01  1.00000E+01   0
   2  8.89057E+04  5.17366E+00 -3.33692E+00  1.00000E+01   0
   2  6.47842E+04 -7.23717E+00  2.04507E+00  1.00000E+01   0
   2  9.27343E+04 -3.67795E+00 -2.68959E+01  1.00000E+01   0
   2  8.08646E+04 -3.04341E+01  4.11934E+01  1.00000E+01   0
   2  8.98449E+04  1.63317E+01 -5.92023E+00  1.00000E+01   0
   2  7.20127E+04 -2.14726E+00 -7.46803E+00  1.00000E+01   0
   2  1.14073E+05  4.46673E+00  4.64985E+00  1.00000E+01   0
   2  6.74574E+04  4.44265E+00 -6.66299E+00  1.00000E+01   0
   2  9.72100E+04  3.04415E+00  3.64312E+00  1.00000E+01   0
   2  9.38259E+04  5.54588E+00 -1.85095E+01  1.00000E+01   0
   2  5.12363E+04  7.40408E+00 -5.08198E+00  1.00000E+01   0
   2  1.30747E+05 -9.86304E+00  1.25598E+01  1.00000E+01   0
   2  8.48908E+04  5.53231E+01  1.69806E+01  1.00000E+01   0
   2  5.54966E+04 -9.25936E+00  9.55445E+00  1.00000E+01   0
   2  8.78943E+04 -2.96035E+00 -8.55554E+00  1.00000E+01   0
   2  9.80082E+04  2.21059E+00  3.42736E+00  1.00000E+01   0
   2  7.35416E+04  3.44160E-01 -1.09603E+01  1.00000E+01   0
   2  1.07606E+05  5.53863E+00 -4.85458E-01  1.00000E+01   0
   2  9.57492E+04 -1.48164E+00 -3.67427E+00  1.00000E+01   0
   2  6.79358E+04  1.03352E+01  8.68973E+00  1.00000E+01   0
   2  6.33196E+04 -8.61425E+00  4.66865E+00  1.00000E+01   0
   2  7.56795E+04 -4.06976E+00  4.91449E+01  1.00000E+01   0
   2  6.61779E+04 -1.08662E+01 -1.91148E+00  1.00000E+01   0
   2  5.61062E+04  4.79498E+00 -1.68302E+00  1.00000E+01   0
   2  9.15908E+04  5.38479E+00  4.22075E+00  1.00000E+01   0
   2  9.02288E+04  5.66570E+00  2.90648E+01  1.00000E+01   0
   2  7.48404E+04 -1.53884E+01  1.86418E+01  1.00000E+01   0
   2  5.94737E+04 -3.95602E+00 -1.57611E+00  1.00000E+01   0
   2  8.35066E+04  1.21698E+01  3.62473E+01  1.00000E+01   0
   2  8.96622E+04  9.84840E-01  4.43456E+00  1.00000E+01   0
   2  6.70761E+04  1.80289E+00  8.01969E+00  1.00000E+01   0
   2  6.24836E+04  4.74054E+00  9.98565E-01  1.00000E+01   0
   2  5.79226E+04 -3.43309E+00  2.09867E+00  1.00000E+01   0
   2  7.61010E+04 -1.05756E+00 -1.87408E+01  1.00000E+01   0
   2  8.16899E+04 -6.79319E+00  1.59957E+01  1.00000E+01   0
   2  1.35413E+05 -2.31962E+00  7.55246E+01  1.00000E+01   0
   2  6.20782E+04 -1.52959E+00  4.94696E+00  1.00000E+01   0
   2  5.12740E+04  1.58854E+01  1.52146E+01  1.00000E+01   0
   2  5.40085E+04 -5.72341E+00  2.50959E+01  1.00000E+01   0
   2  7.13517E+04  2.49968E+00 -6.28859E+00  1.00000E+01   0
   2  1.07063E+05  6.24816E+01 -1.81071E+00  1.00000E+01   0
   2  5.84900E+04 -4.04263E+00 -8.34372E+00  1.00000E+01   0
   2  7.03387E+04 -2.51498E+00  2.58349E-01  1.00000E+01   0
   2  4.49267E+04  1.94287E+00 -1.57549E+00  1.00000E+01   0
   2  6.27168E+04  1.39458E+01 -1.82318E+01  1.00000E+01   0
   2  6.47933E+04 -9.76055E+00  2.02656E+01  1.00000E+01   0
   2  7.75651E+04  9.12138E+00 -5.23851E+00  1.00000E+01   0
   2  8.10669E+04 -6.55797E+00  5.46768E+00  1.00000E+01   0
   2  7.44600E+04  1.91462E+01  2.23501E+01  1.00000E+01   0
   2  8.45234E+04  1.59918E-01  6.78079E-01  1.00000E+01   0
   2  7.02545E+04  8.49821E+00  2.47414E+01  1.00000E+01   0
   2  9.47540E+04  1.31704E+00  2.31247E+01  1.00000E+01   0
   2  7.61293E+04 -2.18902E+01  8.72012E+00  1.00000E+01   0
   2  5.30661E+04 -2.35959E+00  1.07536E+01  1.00000E+01   0
   2  7.77933E+04  1.17141E+01  1.84203E+00  1.00000E+01   0
   2  7.35313E+04 -1.73252E+01 -9.10166E+00  1.00000E+01   0
   2  1.23302E+05 -1.24760E+01  3.32510E+01  1.00000E+01   0
   2  4.67322E+04 -2.34331E+00  5.90423E+00  1.00000E+01   0
   2  8.03118E+04 -3.31313E+00 -1.38761E+00  1.00000E+01   0
   2  6.32754E+04  4.04322E+00 -3.22995E+00  1.00000E+01   0
   2  1.22684E+05 -1.00062E+01  2.31689E+01  1.00000E+01   0
   2  1.10380E+05 -2.60185E+01  5.15714E+01  1.00000E+01   0
   2  5.52066E+04 -1.83554E+01  1.28499E+00  1.00000E+01   0
   2  6.37326E+04  2.44073E+01 -9.26972E+00  1.00000E+01   0
   2  6.40467E+04  5.21805E+00  8.61221E+00  1.00000E+01   0
   2  8.68890E+04  5.37611E+00 -7.28096E+00  1.00000E+01   0
   2  6.58800E+04 -2.64352E+00 -8.45187E+00  1.00000E+01   0
   2  8.43037E+04 -1.52643E+00 -8.57172E+00  1.00000E+01   0
   2  6.26607E+04  3.15109E+00  1.69677E+01  1.00000E+01   0
   2  1.24728E+05  4.06338E+00  9.09802E+00  1.00000E+01   0
   2  8.60615E+04 -1.00193E+00  1.53541E+01  1.00000E+01   0
   2  6.83281E+04  3.36996E+01  3.82313E+01  1.00000E+01   0
   2  4.80934E+04  2.13760E+01 -4.70007E+00  1.00000E+01   0
   2  6.43305E+04  1.90959E+01  1.11377E+01  1.00000E+01   0
   2  1.08625E+05  1.42819E+00  1.79469E+00  1.00000E+01   0
   2  1.01811E+05  3.67610E+00  5.12492E+01  1.00000E+01   0
   2  8.59975E+04  4.21337E+01 -1.42172E+01  1.00000E+01   0
   2  7.99903E+04  1.45713E+01  1.54319E+01  1.00000E+01   0
   2  8.71689E+04 -8.93336E+00 -2.12963E+01  1.00000E+01   0
   2  6.89357E+04 -5.95993E+00 -1.04798E+01  1.00000E+01   0
   2  9.40469E+04  5.28151E+00  4.75723E+00  1.00000E+01   0
   2  5.61429E+04  5.37765E+00  3.94152E+00  1.00000E+01   0
   2  8.12256E+04 -5.08376E+00 -3.36789E+00  1.00000E+01   0
   2  5.73027E+04 -6.80068E+00 -6.50468E+00  1.00000E+01   0
   2  7.81099E+04  7.65461E+00  1.00500E+01  1.00000E+01   0
   2  7.35807E+04 -5.05595E+01  2.40753E+01  1.00000E+01   0
   2  6.63313E+04 -1.30490E+01  2.52381E+01  1.00000E+01   0
   2  4.76325E+04  4.50617E+00  1.08593E+01  1.00000E+01   0
   2  9.73663E+04 -1.83462E+01 -1.54368E+00  1.00000E+01   0
   2  6.80930E+04  3.86174E+01  3.43685E+00  1.00000E+01   0
   2  9.33502E+04  7.91186E+00 -1.11365E+01  1.00000E+01   0
   2  1.23711E+05  1.34716E+01  4.49520E+01  1.00000E+01   0
   2  5.18514E+04  7.76176E+00  1.38603E-01  1.00000E+01   0
   2  7.74746E+04  1.72524E+00 -2.08312E+00  1.00000E+01   0
   2  5.99500E+04  4.99570E+00 -6.93538E+00  1.00000E+01   0
   2  8.48918E+04 -2.43784E+01  3.78202E+01  1.00000E+01   0
   2  7.98300E+04 -4.50075E+00 -1.08028E+01  1.00000E+01   0
   2  6.86931E+04  1.99647E+01 -3.72857E+01  1.00000E+01   0
   2  7.14619E+04  2.05306E+01 -4.84657E+00  1.00000E+01   0
   2  8.06102E+04  6.20467E-01  3.48371E+00  1.00000E+01   0
   2  5.93209E+04 -7.92439E+00  1.53295E+00  1.00000E+01   0
   2  6.87955E+04 -9.29039E+00  5.84728E+00  1.00000E+01   0
   2  6.45727E+04 -4.45152E+00 -5.00802E-01  1.00000E+01   0
   2  8.34837E+04 -3.05543E+01 -1.00117E+01  1.00000E+01   0
   2  7.76400E+04 -3.09735E+00  1.95472E+01  1.00000E+01   0
   2  9.32682E+04  1.36132E+01  2.22391E+01  1.00000E+01   0
   2  7.58382E+04 -5.44412E+00 -2.76024E+00  1.00000E+01   0
   2  5.36885E+04  3.33204E+00 -2.22786E+00  1.00000E+01   0
   2  8.37863E+04  2.96021E+01  1.44961E+00  1.00000E+01   0
   2  7.54740E+04 -7.42627E+00  2.03795E+01  1.00000E+01   0
   2  1.20283E+05 -2.57043E+00  1.66640E+01  1.00000E+01   0
   2  1.02658E+05  2.65645E+00  1.08033E+01  1.00000E+01   0
   2  6.78545E+04  6.85085E+00 -1.43208E+00  1.00000E+01   0
   2  7.40727E+04  7.29900E+00 -4.05842E+00  1.00000E+01   0
   2  8.77170E+04  3.34638E+00 -5.22922E+00  1.00000E+01   0
   2  8.07887E+04 -2.12192E+01  5.18373E+00  1.00000E+01   0
   2  9.96546E+04 -1.53997E+01 -4.41379E-01  1.00000E+01   0
   2  8.73323E+04  5.59199E+00 -1.11037E+01  1.00000E+01   0
   2  6.89511E+04  1.20857E+01 -1.40503E+01  1.00000E+01   0
   2  6.60140E+04  2.52230E+01 -2.45676E+01  1.00000E+01   0
   2  9.92113E+04 -4.09393E+00  2.01484E+01  1.00000E+01   0
   2  7.68001E+04  3.10472E-02  2.08168E+01  1.00000E+01   0
   2  8.48310E+04  8.13237E+00 -1.88654E+00  1.00000E+01   0
   2  8.22843E+04 -9.07651E+00  7.14455E+00  1.00000E+01   0
   2  1.01868E+05  1.72760E+01  1.27752E+01  1.00000E+01   0
   2  5.63075E+04  9.10588E+00  5.44948E+00  1.00000E+01   0
   2  8.86848E+04 -5.54193E+00  3.74549E+00  1.00000E+01   0
   2  1.24441E+05 -5.32143E+01  5.22704E+01  1.00000E+01   0
   2  7.87630E+04  2.54794E+00 -5.00430E+00  1.00000E+01   0
   2  6.77336E+04 -2.78604E+00 -2.85861E+00  1.00000E+01   0
   2  4.98916E+04 -1.36392E+00  2.15973E+00  1.00000E+01   0
   2  7.23186E+04  6.30007E+00  1.40880E+01  1.00000E+01   0
   2  9.86241E+04  5.88360E+00  4.58520E+00  1.00000E+01   0
   2  4.92736E+04 -1.82503E+00 -2.77090E+00  1.00000E+01   0
   2  5.79026E+04  5.43578E+00 -2.00593E-01  1.00000E+01   0
   2  5.00838E+04  3.90575E+00 -3.64625E+00  1.00000E+01   0
   2  4.67628E+04  1.30951E+00  1.82921E+00  1.00000E+01   0
   2  5.25510E+04 -2.09684E+00 -1.88990E+00  1.00000E+01   0
   2  9.43713E+04  6.08566E+00 -2.24404E+01  1.00000E+01   0
   2  8.76305E+04  1.51895E+01  1.03393E+01  1.00000E+01   0
   2  6.53099E+04  1.45846E+01 -2.40919E-01  1.00000E+01   0
   2  7.21481E+04  8.67327E-01 -1.81326E+01  1.00000E+01   0
   2  8.52839E+04 -2.38905E+00  2.10140E+00  1.00000E+01   0
   2  6.92008E+03  1.35978E+00  1.31950E+01  1.00000E+01   2
   2  8.06853E+04  1.49341E+00  1.71605E+01  1.00000E+01   0
   2  6.77494E+04 -3.10332E+01  1.04649E+01  1.00000E+01   0
   2  4.87897E+04  1.50735E+01  2.77100E+01  1.00000E+01   0
   2  9.57217E+04  6.04300E+00  4.52603E+00  1.00000E+01   0
   2  5.89973E+04  1.55493E+00  3.77949E+00  1.00000E+01   0
   2  5.52365E+04  1.61233E+01 -1.98597E+00  1.00000E+01   0
   2  8.25100E+04 -8.26596E+00 -2.99411E+00  1.00000E+01   0
   2  8.37943E+04  1.50590E+01 -9.41191E+00  1.00000E+01   0
   2  1.02020E+05  1.92799E+01  2.19865E+01  1.00000E+01   0
   2  6.05851E+04 -9.07755E+00 -6.60300E+00  1.00000E+01   0
   2  6.71466E+04  1.83198E+00  1.38312E+01  1.00000E+01   0
   2  6.49181E+04  3.91027E+00 -7.73698E+00  1.00000E+01   0
   2  8.02784E+03  6.39855E+00 -8.27532E+00  1.00000E+01   2
   2  7.81945E+04 -5.27140E+00 -1.44208E+01  1.00000E+01   0
   2  7.21922E+04 -1.11721E+01  1.04318E+01  1.00000E+01   0
   2  6.08731E+04  3.91918E+00  3.50166E+00  1.00000E+01   0
   2  7.32859E+04  6.01550E+00  5.52444E+00  1.00000E+01   0
   2  8.35935E+04 -9.80592E-01  1.37996E+01  1.00000E+01   0
   2  7.67678E+04 -4.69003E-01 -9.45870E+00  1.00000E+01   0
   2  6.23862E+04 -1.04825E+01 -5.91459E+00  1.00000E+01   0
   2  6.69049E+04 -8.26129E+00 -5.73235E+00  1.00000E+01   0
   2  1.47995E+05 -5.92036E+00  3.26080E+00  1.00000E+01   0
   2  6.08515E+04  3.25689E+00 -8.32981E+00  1.00000E+01   0
   2  9.30014E+04 -2.00027E+00 -9.13909E+00  1.00000E+01   0
   2  5.78562E+04  1.40359E+01 -3.67237E+00  1.00000E+01   0
   2  7.91523E+04 -3.05748E+00  8.18402E+00  1.00000E+01   0
   2  7.82270E+04  2.77885E+00  3.38122E+00  1.00000E+01   0
   2  9.62864E+04 -1.74551E+01 -1.29777E+01  1.00000E+01   0
   2  3.91859E+04  2.83803E+00  6.69840E+00  1.00000E+01   0
   2  7.58040E+04  3.32253E-01 -5.47092E+00  1.00000E+01   0
   2  7.82013E+04  1.89295E+01  2.66626E+01  1.00000E+01   0
   2  7.86046E+04  5.04630E-01  2.02520E+00  1.00000E+01   0
   2  6.86501E+04  5.68079E+00 -7.90862E+00  1.00000E+01   0
   2  8.11525E+04  8.90961E+00  4.53552E+00  1.00000E+01   0
   2  8.08930E+04  4.10554E+00 -1.08392E+01  1.00000E+01   0
   2  5.81484E+04 -1.49089E+00 -3.52336E-01  1.00000E+01   0
   2  7.57733E+04  1.19793E+00  1.07396E+01  1.00000E+01   0
   2  7.00405E+04  1.13900E+00 -1.50304E+01  1.00000E+01   0
   2  7.48022E+04  1.33834E+01  2.05406E+01  1.00000E+01   0
   2  6.91632E+04  1.81485E+01  1.20881E+01  1.00000E+01   0
   2  9.38609E+04 -3.98184E+00  4.97691E+00  1.00000E+01   0
   2  8.85002E+04  1.14517E+01  3.55601E+00  1.00000E+01   0
   2  6.29651E+04 -3.21780E+00 -5.81934E+00  1.00000E+01   0
   2  8.67275E+04  1.50521E+01 -8.92991E+00  1.00000E+01   0
   2  7.54123E+04  3.70564E+00  2.14799E+01  1.00000E+01   0
   2  4.80439E+04  8.79960E+00 -5.61850E-01  1.00000E+01   0
   2  6.25922E+04  1.07489E+00  8.09994E+00  1.00000E+01   0
   2  6.47046E+04 -2.27265E+00  3.57427E+00  1.00000E+01   0
   2  6.23731E+04 -2.98608E+00  1.79680E+01  1.00000E+01   0
   2  1.09851E+05  1.18048E+01  2.78065E+01  1.00000E+01   0
   2  5.19107E+04 -9.14075E-01 -9.96572E-01  1.00000E+01   0
   2  7.64930E+04  4.30666E+00 -5.90722E+00  1.00000E+01   0
   2  6.53033E+04 -2.57298E+00 -1.30786E+01  1.00000E+01   0
   2  9.06350E+04 -1.04703E+01  8.89525E+01  1.00000E+01   0
   2  7.91541E+04  2.41827E+01  2.31394E+01  1.00000E+01   0
   2  5.55368E+04  5.37383E+00  1.61257E+01  1.00000E+01   0
   2  8.69906E+04  1.42108E+01  1.75004E+01  1.00000E+01   0
   2  8.44956E+04 -1.17249E+00 -1.52854E+00  1.00000E+01   0
   2  4.62513E+04  1.41970E+00 -2.26044E+00  1.00000E+01   0
   2  1.14668E+05 -3.66274E+01  8.52903E+00  1.00000E+01   0
   2  5.88283E+04 -4.04582E+00  1.19668E+01  1.00000E+01   0
   2  5.20189E+04  2.10243E+00 -1.81763E+00  1.00000E+01   0
   2  7.55990E+04 -1.97625E-01  3.71177E+01  1.00000E+01   0
   2  5.89865E+04  2.96549E+00  4.39914E+00  1.00000E+01   0
   2  9.81099E+04 -1.08042E+01  9.59552E+00  1.00000E+01   0
   2  5.37245E+04 -1.82907E+00  9.03748E+00  1.00000E+01   0
   2  6.34948E+04  6.66043E+00  1.47849E+01  1.00000E+01   0
   2  6.68296E+04 -6.50534E+00 -1.68383E+01  1.00000E+01   0
   2  6.61141E+04 -3.09171E+00 -9.16070E+00  1.00000E+01   0
   2  5.60678E+04 -3.72494E+00 -4.84690E+00  1.00000E+01   0
   2  6.06039E+04  1.24031E+01  2.48293E+00  1.00000E+01   0
   2  1.11566E+05  2.31501E+00  1.78222E+00  1.00000E+01   0
   2  7.13504E+04  2.99316E+00 -3.17023E+00  1.00000E+01   0
   2  8.13936E+04  2.02720E+01 -3.94087E+01  1.00000E+01   0
   2  1.05246E+05  1.63771E+00  4.85016E+00  1.00000E+01   0
   2  8.04782E+03  8.86269E+00 -6.98516E-01  1.00000E+01   2
   2  2.18493E+04  3.36872E+00 -6.02930E+00  1.00000E+01   2
   2  8.36072E+04 -5.92896E+00 -3.61829E-01  1.00000E+01   0
   2  6.39730E+04  6.07199E+00 -8.96220E+00  1.00000E+01   0
   2  5.35937E+04  5.89720E+00 -5.98309E+00  1.00000E+01   0
   2  8.56518E+04 -7.22655E+00  1.43449E+01  1.00000E+01   0
   2  9.71552E+04  3.45080E-01  1.20214E+01  1.00000E+01   0
   2  8.89197E+04 -2.70161E+00 -5.48361E-01  1.00000E+01   0
   2  6.20888E+04  9.09340E+00  2.67438E+01  1.00000E+01   0
   2  6.54300E+04 -5.72033E-01 -1.77156E+00  1.00000E+01   0
   2  7.23899E+04  1.68230E+00  4.26936E+00  1.00000E+01   0
   2  9.58643E+04  4.28751E+00  1.03914E+01  1.00000E+01   0
   2  7.26099E+04  7.09029E+00 -4.41914E+00  1.00000E+01   0
   2  5.16205E+04  1.12288E+01  1.77268E+01  1.00000E+01   0
   2  6.52942E+04 -1.03558E+00 -1.06190E+01  1.00000E+01   0
   2  1.10638E+05 -8.13358E+00  7.56258E+00  1.00000E+01   0
   2  5.80312E+04  7.75189E+00 -1.06219E+01  1.00000E+01   0
   2  9.18731E+04  1.59073E+01  1.44821E+01  1.00000E+01   0
   2  5.00844E+04 -5.51112E+00  3.53932E+00  1.00000E+01   0
   2  7.75350E+04  4.98782E+00  2.56197E+00  1.00000E+01   0
   2  1.04939E+05 -4.44541E-01  5.17062E+00  1.00000E+01   0
   2  7.62716E+04 -2.04678E+00  1.11243E+01  1.00000E+01   0
   2  1.03103E+05  1.47730E+01 -9.29198E+00  1.00000E+01   0
   2  4.99119E+04 -6.03315E+00 -5.14188E+00  1.00000E+01   0
   2  9.37385E+04  8.95778E+00  5.10879E+00  1.00000E+01   0
   2  6.69645E+04 -1.31302E+01 -1.35487E+01  1.00000E+01   0
   2  7.54088E+04 -1.65958E+01 -2.64566E+01  1.00000E+01   0
   2  6.65068E+04  5.59009E+00  7.24616E+00  1.00000E+01   0
   2  9.25291E+04  8.87315E+00 -1.23934E+01  1.00000E+01   0
   2  8.24178E+04  1.17616E+01  6.85773E+00  1.00000E+01   0
   2  8.42505E+04 -1.20383E+01 -5.91163E+00  1.00000E+01   0
   2  4.40409E+04 -3.94427E+00  3.01890E+00  1.00000E+01   0
   2  7.72930E+04  1.06379E+00  5.62117E+00  1.00000E+01   0
   2  1.06477E+05 -1.86187E+00  1.87416E+01  1.00000E+01   0
   2  7.35658E+04  1.33240E+01  7.06950E+00  1.00000E+01   0
   2  7.79053E+04 -8.69134E-01 -5.12208E+00  1.00000E+01   0
   2  1.24573E+05  3.18770E+00  2.21510E+01  1.00000E+01   0
   2  9.84047E+04 -1.05615E+01  8.39031E+00  1.00000E+01   0
   2  9.30083E+04 -7.08765E+00  6.79743E+00  1.00000E+01   0
   2  6.04973E+04  1.18849E+01  8.61811E+00  1.00000E+01   0
   2  6.79051E+04  1.53712E+01  6.56935E+00  1.00000E+01   0
   2  5.70167E+04 -5.49808E+00 -3.87225E+00  1.00000E+01   0
   2  5.12424E+04 -7.54532E+00  1.16250E+00  1.00000E+01   0
   2  7.84979E+04 -9.80337E-01  2.37996E+00  1.00000E+01   0
   2  8.87574E+04 -3.51178E-01  7.61236E+00  1.00000E+01   0
   2  5.84855E+04 -4.56018E+00  2.63053E+00  1.00000E+01   0
   2  5.10296E+04 -1.00071E+01  3.35333E+00  1.00000E+01   0
   2  5.52672E+04  6.04760E+00 -3.09895E+01  1.00000E+01   0
   2  8.53746E+04 -5.16875E+00 -5.81851E+00  1.00000E+01   0
   2  1.04411E+05  1.67623E+01  1.52833E+01  1.00000E+01   0
   2  6.19300E+04  1.20562E+01 -7.67884E+00  1.00000E+01   0
   2  6.61616E+04 -2.69916E+00  2.46349E+00  1.00000E+01   0
   2  6.34829E+04  7.65075E+00 -1.98335E+00  1.00000E+01   0
   2  6.40438E+04  6.76280E+00  3.78045E+00  1.00000E+01   0
   2  1.11940E+05 -5.27395E+00  1.05294E+01  1.00000E+01   0
   2  7.99210E+04 -4.17220E+00  1.49115E+00  1.00000E+01   0
   2  9.84501E+04 -1.24958E+01  1.00382E+01  1.00000E+01   0
   2  7.84276E+04  3.14053E+00  9.41549E+00  1.00000E+01   0
   2  6.70087E+04 -6.00032E-01  2.71681E+00  1.00000E+01   0
   2  7.18641E+04 -7.39333E+00  1.13465E+01  1.00000E+01   0
   2  7.70151E+04  1.00282E+00  7.28368E-01  1.00000E+01   0
   2  7.53582E+04 -2.41313E+00  3.60223E+00  1.00000E+01   0
   2  8.73879E+04  2.61687E+00  9.93961E+00  1.00000E+01   0
   2  6.58353E+04 -2.68526E+01 -4.35404E+00  1.00000E+01   0
   2  6.70951E+04  5.42729E+00  2.64647E+00  1.00000E+01   0
   2  1.17240E+05 -1.57227E+01  7.12332E+00  1.00000E+01   0
   2  1.14061E+05  7.12788E+00  3.50832E+00  1.00000E+01   0
   2  8.62254E+04  1.90254E+01  1.33501E+00  1.00000E+01   0
   2  5.91531E+04  1.44422E+01 -1.02963E+00  1.00000E+01   0
   2  8.29319E+04  4.85557E+00  1.07061E+01  1.00000E+01   0
   2  1.03661E+05  7.30324E+00  5.21602E+00  1.00000E+01   0
   2  5.26212E+04 -2.57165E-01 -1.29759E+01  1.00000E+01   0
   2  9.98574E+04  1.22962E+00  1.07212E+01  1.00000E+01   0
   2  5.41046E+04 -2.00099E+01  8.88678E+00  1.00000E+01   0
   2  5.79599E+04 -4.88877E+00 -7.09780E+00  1.00000E+01   0
   2  6.87733E+04  4.68365E+00 -6.65817E-01  1.00000E+01   0
   2  7.83179E+04 -1.57631E+01 -3.31161E+00  1.00000E+01   0
   2  5.05421E+04  4.24062E-01  6.52177E-02  1.00000E+01   0
   2  6.44691E+04 -5.46043E-01  1.01131E+01  1.00000E+01   0
   2  6.08589E+04  1.69008E+00 -1.65507E+01  1.00000E+01   0
   2  1.13622E+05 -1.03335E+00  1.68332E+01  1.00000E+01   0
   2  6.50540E+04 -1.61385E+01 -1.02944E+00  1.00000E+01   0
   2  6.65715E+04 -5.70587E+00  1.99648E+01  1.00000E+01   0
   2  1.24023E+05  6.97294E+00  1.32616E+01  1.00000E+01   0
   2  7.22397E+04 -3.81259E+00 -1.05550E+01  1.00000E+01   0
   2  9.60692E+04 -4.79700E+00  1.63940E+01  1.00000E+01   0
   2  1.09588E+05 -2.00119E+01  6.06519E+00  1.00000E+01   0
   2  5.65205E+04  2.16394E+00 -1.76909E+01  1.00000E+01   0
   2  5.01575E+04  1.36991E+00 -2.72005E-01  1.00000E+01   0
   2  8.42610E+04  7.29321E+00  1.92364E+01  1.00000E+01   0
   2  9.69046E+04 -6.17340E+00  6.27525E+00  1.00000E+01   0
   2  8.38926E+04  1.92489E+01  1.35605E+01  1.00000E+01   0
