7.93512E+04  2.33996E+00  1.84905E+01  -6.00000E+00
7.60664E+04  3.93797E-15  6.43119E+01  -6.00000E+00
1.39871E+05  3.93797E-15  6.43119E+01  -6.00000E+00
1.04510E+05  3.93797E-15  6.43119E+01  -6.00000E+00
5.94805E+04  3.93797E-15  6.43119E+01  -6.00000E+00
8.67017E+04  -6.16966E+00  8.49742E+00  -6.00000E+00
6.70441E+04  7.38095E+00  1.12879E+00  -6.00000E+00
7.34108E+04  1.33961E+03  2.83069E+03  -6.00000E+00
1.49313E+05  3.93797E-15  6.43119E+01  -6.00000E+00
8.50157E+04  3.67577E+00  -5.03515E+00  -6.00000E+00
6.78500E+04  -1.15882E+00  8.34287E+00  -6.00000E+00
1.05506E+05  3.93797E-15  6.43119E+01  -6.00000E+00
6.79103E+04  3.93797E-15  6.43119E+01  -6.00000E+00
1.26935E+05  3.93797E-15  6.43119E+01  -6.00000E+00
5.47312E+04  3.93797E-15  6.43119E+01  -6.00000E+00
4.49373E+04  -3.17367E+00  -1.99412E-01  -6.00000E+00
8.10890E+04  -7.22167E+00  -5.87814E+00  -6.00000E+00
1.28885E+05  3.93797E-15  6.43119E+01  -6.00000E+00
6.58200E+04  -1.58046E+01  5.53259E+00  -6.00000E+00
1.07852E+05  8.01906E+00  8.15515E-01  -6.00000E+00
5.78173E+04  2.42333E+01  3.81457E+01  -6.00000E+00
5.70899E+04  2.60854E+01  2.38553E+01  -6.00000E+00
8.69063E+04  3.93797E-15  6.43119E+01  -6.00000E+00
6.55362E+04  1.11767E+01  8.57008E+00  -6.00000E+00
6.59940E+04  -5.08940E+01  -8.38303E+00  -6.00000E+00
7.62757E+04  -1.89818E+01  1.03870E+01  -6.00000E+00
6.28765E+04  -3.63427E+00  4.38220E+00  -6.00000E+00
7.98049E+04  -9.72959E+01  -6.23295E+01  -6.00000E+00
1.20448E+05  3.93797E-15  6.43119E+01  -6.00000E+00
5.45546E+04  3.93797E-15  6.43119E+01  -6.00000E+00
6.28047E+04  -1.32642E+01  -3.60740E+00  -6.00000E+00
8.39200E+04  3.93797E-15  6.43119E+01  -6.00000E+00
7.04684E+04  3.93797E-15  6.43119E+01  -6.00000E+00
1.39279E+05  3.93797E-15  6.43119E+01  -6.00000E+00
8.95160E+04  3.93797E-15  6.43119E+01  -6.00000E+00
7.31660E+04  1.05984E+02  6.55840E+00  -6.00000E+00
6.68072E+04  3.93797E-15  6.43119E+01  -6.00000E+00
9.67255E+04  3.88009E+00  2.72652E+00  -6.00000E+00
1.14882E+05  3.93797E-15  6.43119E+01  -6.00000E+00
8.42860E+04  2.41237E+01  -6.39917E+00  -6.00000E+00
9.36825E+04  3.93797E-15  6.43119E+01  -6.00000E+00
5.70775E+04  -2.54598E+01  2.29577E+01  -6.00000E+00
5.84715E+04  3.93797E-15  6.43119E+01  -6.00000E+00
9.32787E+04  3.93797E-15  6.43119E+01  -6.00000E+00
7.42190E+04  3.93797E-15  6.43119E+01  -6.00000E+00
9.35453E+04  3.93797E-15  6.43119E+01  -6.00000E+00
7.21557E+04  6.13955E+00  6.62627E+00  -6.00000E+00
4.54530E+04  -6.40741E+00  -3.64225E+00  -6.00000E+00
4.70154E+04  6.15701E+01  1.22483E+01  -6.00000E+00
6.81735E+04  -8.87231E+01  -1.97978E+01  -6.00000E+00
9.89334E+04  3.93797E-15  6.43119E+01  -6.00000E+00
1.00552E+05  3.93797E-15  6.43119E+01  -6.00000E+00
7.00451E+04  -2.36106E+01  -3.64284E+01  -6.00000E+00
6.25360E+04  3.93797E-15  6.43119E+01  -6.00000E+00
1.13005E+05  3.93797E-15  6.43119E+01  -6.00000E+00
8.62075E+04  4.90409E+01  -2.73691E+01  -6.00000E+00
7.82382E+04  -7.81753E+00  -4.78805E+00  -6.00000E+00
9.20040E+04  3.93797E-15  6.43119E+01  -6.00000E+00
1.26645E+05  3.93797E-15  6.43119E+01  -6.00000E+00
1.09439E+05  7.81172E-01  1.10541E+01  -6.00000E+00
1.22174E+05  2.74677E+00  1.71112E+01  -6.00000E+00
1.43511E+05  3.93797E-15  6.43119E+01  -6.00000E+00
1.14778E+05  3.93797E-15  6.43119E+01  -6.00000E+00
6.62798E+04  -6.89393E+00  1.27524E+00  -6.00000E+00
9.80276E+04  3.93797E-15  6.43119E+01  -6.00000E+00
8.07693E+04  3.93797E-15  6.43119E+01  -6.00000E+00
7.95182E+04  -1.02695E+00  3.31033E+00  -6.00000E+00
6.72562E+04  -1.35457E+00  2.47803E+01  -6.00000E+00
1.04604E+05  3.93797E-15  6.43119E+01  -6.00000E+00
6.52435E+04  -8.14369E+00  2.28845E+00  -6.00000E+00
1.00075E+05  3.93797E-15  6.43119E+01  -6.00000E+00
6.72820E+04  -9.30417E+00  9.17454E+00  -6.00000E+00
1.13079E+05  3.93797E-15  6.43119E+01  -6.00000E+00
1.37291E+05  3.93797E-15  6.43119E+01  -6.00000E+00
7.07205E+04  3.93797E-15  6.43119E+01  -6.00000E+00
4.71080E+04  3.93797E-15  6.43119E+01  -6.00000E+00
5.33335E+04  1.11804E+00  1.54333E+01  -6.00000E+00
9.22081E+04  3.93797E-15  6.43119E+01  -6.00000E+00
6.52374E+04  -2.10250E+01  5.19642E+00  -6.00000E+00
1.06367E+05  3.93797E-15  6.43119E+01  -6.00000E+00
7.05226E+04  3.93797E-15  6.43119E+01  -6.00000E+00
9.16569E+04  3.93797E-15  6.43119E+01  -6.00000E+00
9.24706E+04  3.93797E-15  6.43119E+01  -6.00000E+00
5.02864E+04  3.93797E-15  6.43119E+01  -6.00000E+00
1.06640E+05  3.93797E-15  6.43119E+01  -6.00000E+00
7.55743E+04  9.54099E+01  7.74365E+01  -6.00000E+00
4.87361E+04  3.95563E+00  4.37091E+00  -6.00000E+00
4.23380E+04  2.00062E+01  2.85705E+02  -6.00000E+00
9.15083E+04  -4.41742E-01  -6.95812E+00  -6.00000E+00
7.94829E+04  -1.51937E-01  8.38377E+00  -6.00000E+00
8.07261E+04  3.93797E-15  6.43119E+01  -6.00000E+00
4.98404E+04  3.93797E-15  6.43119E+01  -6.00000E+00
1.17621E+05  3.93797E-15  6.43119E+01  -6.00000E+00
9.08625E+04  3.93797E-15  6.43119E+01  -6.00000E+00
5.62585E+04  -2.42390E+01  2.82278E+01  -6.00000E+00
7.74208E+04  3.93797E-15  6.43119E+01  -6.00000E+00
8.47949E+04  2.69666E+01  3.09725E+02  -6.00000E+00
4.77804E+04  3.93797E-15  6.43119E+01  -6.00000E+00
9.20043E+04  3.93797E-15  6.43119E+01  -6.00000E+00
7.83974E+04  3.78172E+00  4.71552E+00  -6.00000E+00
5.24429E+04  4.17507E+01  -1.29189E+01  -6.00000E+00
7.06899E+04  3.93797E-15  6.43119E+01  -6.00000E+00
1.21724E+05  3.93797E-15  6.43119E+01  -6.00000E+00
8.08800E+04  3.93797E-15  6.43119E+01  -6.00000E+00
1.05117E+05  3.93797E-15  6.43119E+01  -6.00000E+00
1.19162E+05  3.93797E-15  6.43119E+01  -6.00000E+00
1.05658E+05  3.93797E-15  6.43119E+01  -6.00000E+00
9.83172E+04  3.93797E-15  6.43119E+01  -6.00000E+00
6.53664E+04  -3.96162E+00  1.02775E+01  -6.00000E+00
9.74238E+04  3.93797E-15  6.43119E+01  -6.00000E+00
3.99946E+04  7.75048E+01  3.83014E+01  -6.00000E+00
1.12539E+05  3.93797E-15  6.43119E+01  -6.00000E+00
4.91047E+04  6.92488E+00  6.69398E+00  -6.00000E+00
1.25196E+05  3.93797E-15  6.43119E+01  -6.00000E+00
4.69274E+04  -6.32285E+00  -6.72845E+00  -6.00000E+00
8.39339E+04  3.93797E-15  6.43119E+01  -6.00000E+00
1.12174E+05  3.93797E-15  6.43119E+01  -6.00000E+00
7.24576E+04  3.93797E-15  6.43119E+01  -6.00000E+00
6.49492E+04  1.82872E+01  8.90529E-02  -6.00000E+00
1.08780E+05  1.35678E+01  9.74451E+00  -6.00000E+00
5.76346E+04  -6.42977E+00  -4.00716E-01  -6.00000E+00
8.44822E+04  2.06392E+00  2.67782E+01  -6.00000E+00
5.86614E+04  3.93797E-15  6.43119E+01  -6.00000E+00
7.60240E+04  3.93797E-15  6.43119E+01  -6.00000E+00
1.06631E+05  3.93797E-15  6.43119E+01  -6.00000E+00
7.54630E+04  3.93797E-15  6.43119E+01  -6.00000E+00
7.58114E+04  3.93797E-15  6.43119E+01  -6.00000E+00
8.43509E+04  2.26565E-01  2.53269E+00  -6.00000E+00
9.07839E+04  3.93797E-15  6.43119E+01  -6.00000E+00
7.73221E+04  3.93797E-15  6.43119E+01  -6.00000E+00
6.81281E+04  6.32007E+00  3.28465E+01  -6.00000E+00
9.83183E+04  1.86557E+01  1.47972E+01  -6.00000E+00
7.18268E+04  3.93797E-15  6.43119E+01  -6.00000E+00
5.77731E+04  3.93797E-15  6.43119E+01  -6.00000E+00
5.58040E+04  3.93797E-15  6.43119E+01  -6.00000E+00
1.18951E+05  3.93797E-15  6.43119E+01  -6.00000E+00
8.18658E+04  -5.36715E+00  8.32569E+00  -6.00000E+00
8.46833E+04  3.93797E-15  6.43119E+01  -6.00000E+00
1.18478E+05  3.93797E-15  6.43119E+01  -6.00000E+00
9.98616E+04  3.93797E-15  6.43119E+01  -6.00000E+00
7.57213E+04  4.09262E+00  4.32457E+00  -6.00000E+00
7.03639E+04  3.93797E-15  6.43119E+01  -6.00000E+00
2.17969E+04  -4.60975E+01  2.54776E+01  -6.00000E+00
8.12326E+04  -4.25011E+00  1.28041E+00  -6.00000E+00
1.29533E+05  -1.28883E+01  1.56534E+01  -6.00000E+00
8.48173E+04  -1.00470E+01  5.30171E+01  -6.00000E+00
5.08173E+04  1.30303E+01  2.29522E+02  -6.00000E+00
7.55916E+04  -3.27559E+01  3.11895E+01  -6.00000E+00
1.03247E+05  3.93797E-15  6.43119E+01  -6.00000E+00
8.14480E+04  -6.11073E+00  -1.78951E+00  -6.00000E+00
8.44395E+04  3.93797E-15  6.43119E+01  -6.00000E+00
9.16453E+04  3.93797E-15  6.43119E+01  -6.00000E+00
7.41261E+04  1.81150E+00  8.96713E+00  -6.00000E+00
1.10326E+05  3.93797E-15  6.43119E+01  -6.00000E+00
7.90029E+04  3.01311E+00  7.49806E+00  -6.00000E+00
6.35529E+04  -5.64500E+01  2.51454E+02  -6.00000E+00
7.08809E+04  3.93797E-15  6.43119E+01  -6.00000E+00
6.25465E+04  -3.64369E+00  4.34091E+01  -6.00000E+00
1.02327E+05  3.93797E-15  6.43119E+01  -6.00000E+00
5.00313E+04  2.31165E+00  1.26073E+01  -6.00000E+00
5.07862E+04  3.93797E-15  6.43119E+01  -6.00000E+00
1.24457E+05  3.93797E-15  6.43119E+01  -6.00000E+00
1.19594E+05  3.93797E-15  6.43119E+01  -6.00000E+00
8.90883E+04  3.93797E-15  6.43119E+01  -6.00000E+00
8.32215E+04  3.93797E-15  6.43119E+01  -6.00000E+00
8.06081E+04  3.93797E-15  6.43119E+01  -6.00000E+00
1.14397E+05  3.93797E-15  6.43119E+01  -6.00000E+00
7.55370E+04  3.93797E-15  6.43119E+01  -6.00000E+00
5.64458E+04  -6.42468E+00  1.98862E+00  -6.00000E+00
1.09469E+05  3.93797E-15  6.43119E+01  -6.00000E+00
9.55227E+04  -1.24424E+00  3.64845E+00  -6.00000E+00
9.64536E+04  2.14759E+01  3.85348E+00  -6.00000E+00
4.88786E+04  3.08007E+01  -2.15142E+00  -6.00000E+00
1.06520E+05  3.93797E-15  6.43119E+01  -6.00000E+00
7.07686E+04  3.93797E-15  6.43119E+01  -6.00000E+00
8.62411E+04  4.39653E+00  7.31255E+00  -6.00000E+00
4.91210E+04  3.93797E-15  6.43119E+01  -6.00000E+00
8.84269E+04  3.93797E-15  6.43119E+01  -6.00000E+00
7.08953E+04  -5.65006E+01  -6.26474E+00  -6.00000E+00
6.78613E+04  -2.96883E+01  1.23630E+02  -6.00000E+00
6.81337E+04  3.93797E-15  6.43119E+01  -6.00000E+00
8.33342E+04  -1.44620E+01  8.15822E+00  -6.00000E+00
4.84971E+04  -3.71901E+00  -4.00573E+00  -6.00000E+00
9.75551E+04  3.93797E-15  6.43119E+01  -6.00000E+00
7.44123E+04  3.93797E-15  6.43119E+01  -6.00000E+00
6.81373E+04  3.93797E-15  6.43119E+01  -6.00000E+00
5.47090E+04  -1.91508E+01  -7.06904E+00  -6.00000E+00
7.69983E+04  3.93797E-15  6.43119E+01  -6.00000E+00
6.22897E+04  -3.10604E+00  2.61130E+01  -6.00000E+00
1.21824E+05  2.39650E+00  1.41293E+01  -6.00000E+00
1.20562E+05  -1.73770E+02  1.97350E+01  -6.00000E+00
7.67657E+04  1.72948E+00  8.06220E+01  -6.00000E+00
6.79926E+04  3.93797E-15  6.43119E+01  -6.00000E+00
8.82853E+04  3.93797E-15  6.43119E+01  -6.00000E+00
5.61744E+04  3.93797E-15  6.43119E+01  -6.00000E+00
6.87548E+04  -7.09208E+00  -9.95498E+00  -6.00000E+00
7.67073E+04  -2.45024E+01  -1.36186E+00  -6.00000E+00
7.25143E+04  1.24474E+01  -6.52979E+00  -6.00000E+00
5.36265E+04  -5.54705E+00  2.39436E+01  -6.00000E+00
6.64225E+04  -1.90898E+01  7.51522E+01  -6.00000E+00
5.66939E+04  -1.01272E+02  4.23474E+01  -6.00000E+00
5.33407E+04  3.93797E-15  6.43119E+01  -6.00000E+00
7.14272E+04  3.93797E-15  6.43119E+01  -6.00000E+00
1.18855E+05  3.93797E-15  6.43119E+01  -6.00000E+00
1.44757E+05  3.93797E-15  6.43119E+01  -6.00000E+00
4.94445E+04  3.93797E-15  6.43119E+01  -6.00000E+00
7.18005E+04  3.68789E+00  3.59109E+00  -6.00000E+00
8.90276E+04  3.93797E-15  6.43119E+01  -6.00000E+00
7.87079E+04  -1.27334E+01  7.55915E+00  -6.00000E+00
8.03147E+04  -1.69536E+00  1.95195E+01  -6.00000E+00
1.19288E+05  3.93797E-15  6.43119E+01  -6.00000E+00
5.16041E+04  -1.95353E+00  6.04499E+00  -6.00000E+00
5.58929E+04  1.72051E+00  1.35102E+01  -6.00000E+00
7.34926E+04  7.14939E+00  -4.81227E+00  -6.00000E+00
1.15125E+05  5.71972E+00  5.07812E+00  -6.00000E+00
1.03904E+05  3.93797E-15  6.43119E+01  -6.00000E+00
8.95307E+04  3.93797E-15  6.43119E+01  -6.00000E+00
7.38879E+04  3.93797E-15  6.43119E+01  -6.00000E+00
8.47388E+04  3.93797E-15  6.43119E+01  -6.00000E+00
6.21923E+04  3.93797E-15  6.43119E+01  -6.00000E+00
9.19465E+04  3.93797E-15  6.43119E+01  -6.00000E+00
1.04475E+05  3.93797E-15  6.43119E+01  -6.00000E+00
7.02311E+04  3.93797E-15  6.43119E+01  -6.00000E+00
9.72326E+04  3.93797E-15  6.43119E+01  -6.00000E+00
1.10360E+05  3.93797E-15  6.43119E+01  -6.00000E+00
5.46133E+04  8.60361E+00  3.29593E+01  -6.00000E+00
6.90166E+04  2.13617E+00  1.16462E+01  -6.00000E+00
8.92747E+04  3.93797E-15  6.43119E+01  -6.00000E+00
6.91481E+04  3.93797E-15  6.43119E+01  -6.00000E+00
1.18072E+05  3.93797E-15  6.43119E+01  -6.00000E+00
8.60045E+04  5.77435E+00  4.22065E+00  -6.00000E+00
7.26402E+04  -1.08130E+01  -7.86788E-01  -6.00000E+00
6.39143E+04  3.93797E-15  6.43119E+01  -6.00000E+00
6.32360E+04  3.07829E+00  3.40285E+01  -6.00000E+00
1.14177E+05  3.93797E-15  6.43119E+01  -6.00000E+00
1.33765E+05  3.93797E-15  6.43119E+01  -6.00000E+00
1.19547E+05  3.93797E-15  6.43119E+01  -6.00000E+00
4.62519E+04  3.93797E-15  6.43119E+01  -6.00000E+00
6.39164E+04  2.93705E+01  3.47729E+01  -6.00000E+00
8.92432E+04  2.68924E+00  5.77846E+01  -6.00000E+00
9.53527E+04  4.69489E+00  6.85110E+01  -6.00000E+00
9.40760E+04  3.93797E-15  6.43119E+01  -6.00000E+00
5.88396E+04  3.93797E-15  6.43119E+01  -6.00000E+00
7.69064E+04  -6.15908E-01  3.87506E+01  -6.00000E+00
8.25420E+04  4.12464E-01  -3.41092E+00  -6.00000E+00
1.31974E+05  3.93797E-15  6.43119E+01  -6.00000E+00
7.66607E+04  3.93797E-15  6.43119E+01  -6.00000E+00
6.86012E+04  3.93797E-15  6.43119E+01  -6.00000E+00
5.59329E+04  -2.51139E+00  2.10546E+01  -6.00000E+00
6.17484E+04  3.93797E-15  6.43119E+01  -6.00000E+00
6.21997E+04  3.93797E-15  6.43119E+01  -6.00000E+00
9.20278E+04  -1.04884E+00  9.04401E+01  -6.00000E+00
6.37848E+04  -6.52349E+00  8.94056E+00  -6.00000E+00
7.58296E+04  3.93797E-15  6.43119E+01  -6.00000E+00
9.58333E+04  2.36552E+01  3.98190E+01  -6.00000E+00
5.69711E+04  3.93797E-15  6.43119E+01  -6.00000E+00
8.90678E+04  3.93797E-15  6.43119E+01  -6.00000E+00
9.18115E+04  -4.75418E-01  5.55398E+01  -6.00000E+00
8.48772E+04  3.93797E-15  6.43119E+01  -6.00000E+00
8.52753E+04  3.93797E-15  6.43119E+01  -6.00000E+00
7.91753E+04  3.93797E-15  6.43119E+01  -6.00000E+00
6.17440E+04  -4.92133E+01  1.66630E+01  -6.00000E+00
1.44384E+05  3.93797E-15  6.43119E+01  -6.00000E+00
8.34536E+04  3.93797E-15  6.43119E+01  -6.00000E+00
8.91088E+04  3.93797E-15  6.43119E+01  -6.00000E+00
7.01900E+04  3.93797E-15  6.43119E+01  -6.00000E+00
6.03753E+04  9.49557E+00  -1.29312E+00  -6.00000E+00
7.96512E+04  3.93797E-15  6.43119E+01  -6.00000E+00
7.59087E+04  3.93797E-15  6.43119E+01  -6.00000E+00
6.29896E+04  3.93797E-15  6.43119E+01  -6.00000E+00
1.00331E+05  3.93797E-15  6.43119E+01  -6.00000E+00
1.39326E+05  3.93797E-15  6.43119E+01  -6.00000E+00
8.52628E+04  4.26625E-01  4.72817E+00  -6.00000E+00
7.66735E+04  3.93797E-15  6.43119E+01  -6.00000E+00
6.27427E+04  3.93797E-15  6.43119E+01  -6.00000E+00
8.04750E+04  1.44633E+01  -1.03803E+01  -6.00000E+00
6.81197E+04  1.08372E+01  5.70338E+00  -6.00000E+00
7.09492E+04  3.93797E-15  6.43119E+01  -6.00000E+00
6.50156E+04  9.17783E+00  1.14166E+01  -6.00000E+00
4.24667E+04  1.86392E+01  -2.75770E+00  -6.00000E+00
6.74159E+04  1.71898E+00  2.37309E+01  -6.00000E+00
6.30501E+04  3.93797E-15  6.43119E+01  -6.00000E+00
7.43772E+04  3.93797E-15  6.43119E+01  -6.00000E+00
9.40137E+04  -5.08309E+01  -6.46572E+01  -6.00000E+00
1.42081E+05  3.93797E-15  6.43119E+01  -6.00000E+00
6.12811E+04  3.93797E-15  6.43119E+01  -6.00000E+00
5.11987E+04  -1.01035E+01  7.12817E+01  -6.00000E+00
7.09365E+04  3.93797E-15  6.43119E+01  -6.00000E+00
7.70424E+04  -3.37643E+01  -7.34923E+01  -6.00000E+00
1.18390E+05  3.93797E-15  6.43119E+01  -6.00000E+00
5.40427E+04  3.93797E-15  6.43119E+01  -6.00000E+00
6.23078E+04  3.93797E-15  6.43119E+01  -6.00000E+00
6.39523E+04  3.93797E-15  6.43119E+01  -6.00000E+00
6.13452E+04  -7.81687E+00  2.48902E+00  -6.00000E+00
1.44650E+05  6.03720E-01  1.23093E+02  -6.00000E+00
7.55354E+04  3.93797E-15  6.43119E+01  -6.00000E+00
7.93643E+04  3.93797E-15  6.43119E+01  -6.00000E+00
7.65481E+04  3.93797E-15  6.43119E+01  -6.00000E+00
5.88962E+04  1.48709E+01  7.51278E+01  -6.00000E+00
1.72281E+04  7.00574E+01  -7.60568E+00  -6.00000E+00
1.11807E+05  -4.34515E+00  1.67757E+01  -6.00000E+00
8.87193E+04  3.93797E-15  6.43119E+01  -6.00000E+00
6.87232E+04  1.93114E+01  -8.07018E+00  -6.00000E+00
5.48780E+04  -5.55213E+00  1.61239E+01  -6.00000E+00
8.49157E+04  3.93797E-15  6.43119E+01  -6.00000E+00
4.96585E+04  3.93797E-15  6.43119E+01  -6.00000E+00
5.97385E+04  8.00333E+00  1.11512E+00  -6.00000E+00
9.89936E+04  -4.56409E+00  1.02938E+01  -6.00000E+00
8.04782E+03  2.12942E+00  7.47839E+00  -6.00000E+00
7.40113E+04  1.07212E+02  4.21010E+01  -6.00000E+00
8.28423E+04  3.93797E-15  6.43119E+01  -6.00000E+00
1.35787E+05  3.93797E-15  6.43119E+01  -6.00000E+00
4.99016E+04  8.92896E+00  1.76521E+00  -6.00000E+00
8.34566E+04  7.07818E-02  1.37405E+01  -6.00000E+00
6.23018E+04  -1.21960E+01  3.01442E+01  -6.00000E+00
8.97164E+04  3.93797E-15  6.43119E+01  -6.00000E+00
9.95847E+04  1.25916E+00  4.41605E+00  -6.00000E+00
9.21284E+04  -1.44798E+00  2.34494E+00  -6.00000E+00
1.21716E+05  3.93797E-15  6.43119E+01  -6.00000E+00
1.27744E+05  3.93797E-15  6.43119E+01  -6.00000E+00
6.91311E+04  3.93797E-15  6.43119E+01  -6.00000E+00
5.67728E+04  7.61727E+01  -3.07867E+01  -6.00000E+00
5.94599E+04  9.13399E+00  -4.53379E+00  -6.00000E+00
6.57356E+04  3.93797E-15  6.43119E+01  -6.00000E+00
4.80966E+04  3.93797E-15  6.43119E+01  -6.00000E+00
1.14427E+05  3.93797E-15  6.43119E+01  -6.00000E+00
5.38250E+04  -1.77713E+01  -3.52575E+01  -6.00000E+00
1.96397E+04  8.97085E+00  -1.03034E+01  -6.00000E+00
8.26720E+04  -1.57720E+00  9.94552E+00  -6.00000E+00
1.41441E+05  3.93797E-15  6.43119E+01  -6.00000E+00
7.84275E+04  5.50316E+00  4.41451E+01  -6.00000E+00
7.90725E+04  -5.76093E+00  2.95515E+00  -6.00000E+00
8.05176E+04  -3.09337E+00  2.77043E+01  -6.00000E+00
7.70805E+04  -1.23398E+01  -1.48163E+01  -6.00000E+00
7.82238E+04  3.93797E-15  6.43119E+01  -6.00000E+00
8.34011E+04  -2.38632E+01  -1.61061E+00  -6.00000E+00
8.09622E+04  3.83708E+00  1.78455E+01  -6.00000E+00
1.13811E+05  -1.45938E+01  8.08537E+00  -6.00000E+00
7.92885E+04  3.93797E-15  6.43119E+01  -6.00000E+00
1.19652E+05  3.93797E-15  6.43119E+01  -6.00000E+00
6.26632E+04  3.93797E-15  6.43119E+01  -6.00000E+00
6.89969E+04  1.14329E+00  8.74909E+00  -6.00000E+00
1.17341E+05  3.93797E-15  6.43119E+01  -6.00000E+00
6.87092E+04  2.58504E+00  1.32608E+01  -6.00000E+00
1.14736E+05  8.46304E+00  2.66386E+00  -6.00000E+00
8.84419E+04  3.93797E-15  6.43119E+01  -6.00000E+00
9.34694E+04  -1.13363E+00  2.83744E+01  -6.00000E+00
6.61030E+04  -1.10790E+01  1.74593E+01  -6.00000E+00
7.04857E+04  3.93797E-15  6.43119E+01  -6.00000E+00
6.31010E+04  -1.03753E+01  -1.92676E+00  -6.00000E+00
7.59324E+04  3.93797E-15  6.43119E+01  -6.00000E+00
6.57432E+04  3.93797E-15  6.43119E+01  -6.00000E+00
9.48614E+04  4.42576E+01  2.81316E+01  -6.00000E+00
5.69554E+04  -5.45450E+00  -2.00683E+00  -6.00000E+00
7.75304E+04  3.93797E-15  6.43119E+01  -6.00000E+00
1.06585E+05  3.93797E-15  6.43119E+01  -6.00000E+00
7.07011E+04  -9.29566E+00  3.41188E+01  -6.00000E+00
6.85792E+04  3.93797E-15  6.43119E+01  -6.00000E+00
7.08102E+04  3.93797E-15  6.43119E+01  -6.00000E+00
4.55626E+04  -2.96387E+01  2.73767E+00  -6.00000E+00
7.68651E+04  3.93797E-15  6.43119E+01  -6.00000E+00
9.69406E+04  3.93797E-15  6.43119E+01  -6.00000E+00
1.35343E+05  1.48472E+00  1.98600E+01  -6.00000E+00
1.02410E+05  1.65444E+01  1.10721E+01  -6.00000E+00
1.17046E+05  3.93797E-15  6.43119E+01  -6.00000E+00
8.78080E+04  -2.20303E+01  3.34309E+01  -6.00000E+00
6.76008E+04  3.93797E-15  6.43119E+01  -6.00000E+00
1.01048E+05  -2.89962E+00  6.65327E+00  -6.00000E+00
1.41640E+05  2.15364E-01  4.30746E+01  -6.00000E+00
1.12168E+05  3.93797E-15  6.43119E+01  -6.00000E+00
7.82594E+04  -1.23732E+01  1.30702E+02  -6.00000E+00
5.66738E+04  -1.20087E+01  6.78938E+00  -6.00000E+00
4.73366E+04  -1.56969E+02  -1.91232E+02  -6.00000E+00
9.15082E+04  3.93797E-15  6.43119E+01  -6.00000E+00
9.91234E+04  -1.53131E+01  4.56344E+00  -6.00000E+00
8.41855E+04  3.93797E-15  6.43119E+01  -6.00000E+00
8.43805E+04  9.50540E+00  1.53252E+01  -6.00000E+00
6.07061E+04  2.17053E+01  5.78865E+00  -6.00000E+00
5.64486E+04  3.93797E-15  6.43119E+01  -6.00000E+00
8.01752E+04  -5.28561E+00  -1.13173E+00  -6.00000E+00
5.36757E+04  1.45919E+00  9.55459E+00  -6.00000E+00
6.90204E+04  -8.15345E+00  2.05893E+00  -6.00000E+00
7.14696E+04  3.27453E+00  -1.26291E+00  -6.00000E+00
9.21940E+04  3.93797E-15  6.43119E+01  -6.00000E+00
5.64132E+04  3.36762E+00  2.90894E+00  -6.00000E+00
7.23649E+04  8.99133E-01  -2.15369E+00  -6.00000E+00
1.22966E+05  3.93797E-15  6.43119E+01  -6.00000E+00
8.92119E+04  3.93797E-15  6.43119E+01  -6.00000E+00
8.29052E+04  -1.06165E+01  1.85668E+01  -6.00000E+00
5.16729E+04  -1.71867E+01  2.59439E+00  -6.00000E+00
8.02945E+04  3.93797E-15  6.43119E+01  -6.00000E+00
7.94913E+04  -5.20260E+00  3.88325E+00  -6.00000E+00
8.07055E+04  3.93797E-15  6.43119E+01  -6.00000E+00
1.06487E+05  -2.00231E+00  5.06698E+00  -6.00000E+00
1.35178E+05  3.93797E-15  6.43119E+01  -6.00000E+00
5.09538E+04  3.93797E-15  6.43119E+01  -6.00000E+00
4.24514E+04  3.93797E-15  6.43119E+01  -6.00000E+00
6.71755E+04  6.13759E+00  9.53286E+00  -6.00000E+00
5.05764E+04  -6.63698E+00  2.66031E+00  -6.00000E+00
6.26726E+04  -4.70761E+00  -1.82029E+00  -6.00000E+00
8.28826E+04  7.99533E+00  7.32577E+01  -6.00000E+00
8.79720E+04  5.04449E+00  2.51678E+00  -6.00000E+00
8.66854E+04  7.08897E+00  3.83737E+00  -6.00000E+00
6.44801E+04  -7.50589E+00  5.24530E+01  -6.00000E+00
1.12353E+05  -1.37414E+01  1.82029E+01  -6.00000E+00
6.36435E+04  -1.06437E+00  5.34759E+00  -6.00000E+00
7.44865E+04  1.93607E+00  1.27746E+01  -6.00000E+00
6.53126E+04  6.04436E+00  8.96091E+00  -6.00000E+00
8.64413E+04  -3.09514E+00  3.61541E+00  -6.00000E+00
6.27541E+04  3.93797E-15  6.43119E+01  -6.00000E+00
9.50429E+04  3.93797E-15  6.43119E+01  -6.00000E+00
7.06506E+04  7.53117E+00  4.63947E+01  -6.00000E+00
6.27507E+04  -2.05290E+00  6.32699E+00  -6.00000E+00
9.29858E+04  3.93797E-15  6.43119E+01  -6.00000E+00
7.23821E+04  3.93797E-15  6.43119E+01  -6.00000E+00
5.52447E+04  3.08520E+00  8.10971E+01  -6.00000E+00
1.02262E+05  3.93797E-15  6.43119E+01  -6.00000E+00
7.24864E+04  3.93797E-15  6.43119E+01  -6.00000E+00
6.65101E+04  -5.62891E+00  -1.11808E-01  -6.00000E+00
6.22470E+04  3.93797E-15  6.43119E+01  -6.00000E+00
7.74388E+04  3.93797E-15  6.43119E+01  -6.00000E+00
6.24726E+04  -3.64713E+00  2.01078E-01  -6.00000E+00
6.77765E+04  3.93797E-15  6.43119E+01  -6.00000E+00
6.69873E+04  -1.07502E+01  -4.41042E+00  -6.00000E+00
1.19768E+05  3.93797E-15  6.43119E+01  -6.00000E+00
6.38428E+04  3.93797E-15  6.43119E+01  -6.00000E+00
8.11317E+04  3.93797E-15  6.43119E+01  -6.00000E+00
5.46442E+04  -5.50419E-01  -1.01583E-01  -6.00000E+00
7.07606E+04  3.93797E-15  6.43119E+01  -6.00000E+00
8.50800E+04  3.93797E-15  6.43119E+01  -6.00000E+00
1.23964E+05  3.93797E-15  6.43119E+01  -6.00000E+00
7.07099E+04  -1.23200E+00  4.33908E+01  -6.00000E+00
8.68123E+04  1.78855E+02  1.07921E+02  -6.00000E+00
1.01361E+05  3.36210E+00  5.47523E+00  -6.00000E+00
9.72682E+04  -1.20414E+01  1.59755E+00  -6.00000E+00
8.45675E+04  3.93797E-15  6.43119E+01  -6.00000E+00
4.06189E+04  1.37850E+02  1.31332E+02  -6.00000E+00
8.07568E+04  1.21730E+01  -8.38816E+00  -6.00000E+00
5.52117E+04  -4.43648E+00  1.19401E+01  -6.00000E+00
8.26302E+04  -4.29025E+00  4.64356E+00  -6.00000E+00
1.10063E+05  3.93797E-15  6.43119E+01  -6.00000E+00
6.01273E+04  1.68610E+00  2.68390E-01  -6.00000E+00
7.97056E+04  3.93797E-15  6.43119E+01  -6.00000E+00
6.88123E+04  3.93797E-15  6.43119E+01  -6.00000E+00
6.33623E+04  5.31877E+00  -2.09800E+00  -6.00000E+00
5.65543E+04  3.93797E-15  6.43119E+01  -6.00000E+00
5.86547E+04  3.93797E-15  6.43119E+01  -6.00000E+00
7.53347E+04  3.93797E-15  6.43119E+01  -6.00000E+00
6.16149E+04  -5.49603E+03  7.39246E+03  -6.00000E+00
4.86896E+04  3.93797E-15  6.43119E+01  -6.00000E+00
3.98780E+04  -3.76898E+01  2.72890E+01  -6.00000E+00
6.66211E+04  -4.49734E+01  1.62518E+01  -6.00000E+00
8.49754E+04  3.93797E-15  6.43119E+01  -6.00000E+00
1.01566E+05  3.93797E-15  6.43119E+01  -6.00000E+00
1.42092E+05  3.65283E+00  2.32418E+01  -6.00000E+00
3.97189E+04  5.33909E+01  -4.03991E+00  -6.00000E+00
7.46789E+04  -2.32592E+01  -9.79661E+00  -6.00000E+00
8.47583E+04  -1.66274E+00  1.22177E+01  -6.00000E+00
6.33931E+04  3.93797E-15  6.43119E+01  -6.00000E+00
1.01288E+05  3.93797E-15  6.43119E+01  -6.00000E+00
4.21979E+04  -2.79504E+01  3.04238E+00  -6.00000E+00
6.87615E+04  3.61542E+00  6.99608E+01  -6.00000E+00
7.48252E+03  1.35071E+02  -4.77700E+01  -6.00000E+00
6.29079E+04  3.93797E-15  6.43119E+01  -6.00000E+00
1.35387E+05  3.93797E-15  6.43119E+01  -6.00000E+00
9.31496E+04  3.93797E-15  6.43119E+01  -6.00000E+00
5.89461E+04  -6.40744E+00  1.73835E+01  -6.00000E+00
9.99532E+04  6.74258E+00  5.91694E+00  -6.00000E+00
8.43737E+04  3.93797E-15  6.43119E+01  -6.00000E+00
6.50358E+04  -1.20908E+01  -1.51557E+01  -6.00000E+00
5.43362E+04  -6.30294E+00  -1.87647E+00  -6.00000E+00
6.28977E+04  -1.37770E+02  6.38934E+01  -6.00000E+00
1.08656E+05  6.86300E+02  -2.18739E+01  -6.00000E+00
6.20204E+04  3.99778E+00  4.58193E+00  -6.00000E+00
9.24248E+04  3.93797E-15  6.43119E+01  -6.00000E+00
9.39483E+04  3.93797E-15  6.43119E+01  -6.00000E+00
8.91059E+04  3.93797E-15  6.43119E+01  -6.00000E+00
8.78991E+04  7.61409E+00  -1.12804E+00  -6.00000E+00
1.20725E+05  1.65218E+00  2.57557E+01  -6.00000E+00
1.08237E+05  3.93797E-15  6.43119E+01  -6.00000E+00
1.20820E+05  3.93797E-15  6.43119E+01  -6.00000E+00
6.80947E+04  1.94345E+01  6.98280E+00  -6.00000E+00
4.97433E+04  1.03941E+01  1.44793E+01  -6.00000E+00
7.67859E+04  3.93797E-15  6.43119E+01  -6.00000E+00
8.37555E+04  -3.48804E+01  9.33369E+01  -6.00000E+00
9.22816E+04  3.93797E-15  6.43119E+01  -6.00000E+00
1.07535E+05  2.48307E+00  6.24242E+01  -6.00000E+00
1.04687E+05  3.93797E-15  6.43119E+01  -6.00000E+00
8.09798E+04  3.93797E-15  6.43119E+01  -6.00000E+00
5.90947E+04  -4.70144E+00  1.17019E+00  -6.00000E+00
1.05430E+05  3.93797E-15  6.43119E+01  -6.00000E+00
1.26360E+05  3.93797E-15  6.43119E+01  -6.00000E+00
1.07439E+05  -1.88133E+01  -4.37524E+00  -6.00000E+00
5.96142E+04  3.93797E-15  6.43119E+01  -6.00000E+00
7.47183E+04  6.38929E-02  1.18153E+01  -6.00000E+00
3.81438E+04  -1.29343E+01  8.75427E+00  -6.00000E+00
8.53133E+04  3.93797E-15  6.43119E+01  -6.00000E+00
1.11237E+05  3.93797E-15  6.43119E+01  -6.00000E+00
6.03240E+04  -6.77593E+00  8.57690E+00  -6.00000E+00
7.42194E+04  3.93797E-15  6.43119E+01  -6.00000E+00
5.47033E+04  3.93797E-15  6.43119E+01  -6.00000E+00
8.90833E+04  3.93797E-15  6.43119E+01  -6.00000E+00
8.56080E+04  -2.38041E+01  2.54238E+00  -6.00000E+00
6.10685E+04  -1.47596E+02  -5.44230E+01  -6.00000E+00
7.68673E+04  -4.68876E+00  6.14861E+01  -6.00000E+00
5.96222E+04  -1.06259E+00  2.49193E+01  -6.00000E+00
8.99290E+04  3.93797E-15  6.43119E+01  -6.00000E+00
7.59325E+04  3.93797E-15  6.43119E+01  -6.00000E+00
5.14516E+04  5.49592E+01  2.14857E+02  -6.00000E+00
8.29839E+04  -1.03983E+01  2.24602E+01  -6.00000E+00
1.02049E+05  9.62393E+00  4.11781E-01  -6.00000E+00
9.30276E+04  6.56743E-01  1.12407E+02  -6.00000E+00
6.19266E+04  -8.77418E+00  4.94318E+00  -6.00000E+00
6.39186E+04  3.93797E-15  6.43119E+01  -6.00000E+00
7.27512E+04  -2.17375E+00  7.12349E+01  -6.00000E+00
5.40854E+04  -5.23187E+00  -6.50206E-01  -6.00000E+00
6.50139E+04  3.93797E-15  6.43119E+01  -6.00000E+00
5.24749E+04  -7.19172E+00  -1.95997E+00  -6.00000E+00
6.14365E+04  1.89205E+01  1.27518E+01  -6.00000E+00
5.51759E+04  -1.73003E+00  4.09704E+01  -6.00000E+00
9.90997E+04  3.93797E-15  6.43119E+01  -6.00000E+00
9.36111E+04  2.04934E+01  3.81202E+01  -6.00000E+00
1.14234E+05  3.93797E-15  6.43119E+01  -6.00000E+00
8.11954E+04  3.93797E-15  6.43119E+01  -6.00000E+00
4.23420E+04  3.62151E-01  2.90351E+01  -6.00000E+00
8.04782E+03  -2.18406E+01  -2.36111E+01  -6.00000E+00
8.23292E+04  3.29865E+01  -3.52898E-01  -6.00000E+00
1.17094E+05  3.93797E-15  6.43119E+01  -6.00000E+00
1.03732E+05  3.93797E-15  6.43119E+01  -6.00000E+00
5.74264E+04  5.75085E+00  3.51654E-01  -6.00000E+00
6.41722E+04  3.93797E-15  6.43119E+01  -6.00000E+00
8.30790E+04  1.21533E+01  5.06999E+00  -6.00000E+00
1.13710E+05  3.93797E-15  6.43119E+01  -6.00000E+00
1.49713E+05  -5.10074E+00  4.77493E+01  -6.00000E+00
5.26296E+04  3.93797E-15  6.43119E+01  -6.00000E+00
9.92593E+04  -7.95674E-01  7.46731E+01  -6.00000E+00
7.03110E+04  3.93797E-15  6.43119E+01  -6.00000E+00
1.05999E+05  1.98283E+01  -9.76012E+00  -6.00000E+00
5.46990E+04  3.93797E-15  6.43119E+01  -6.00000E+00
1.02361E+05  3.93797E-15  6.43119E+01  -6.00000E+00
6.73109E+04  -4.71628E+00  -8.70742E+00  -6.00000E+00
6.19448E+04  3.93797E-15  6.43119E+01  -6.00000E+00
1.14630E+05  3.93797E-15  6.43119E+01  -6.00000E+00
4.89233E+04  -8.67204E+01  2.91218E+01  -6.00000E+00
9.75567E+04  3.93797E-15  6.43119E+01  -6.00000E+00
7.12709E+04  3.93797E-15  6.43119E+01  -6.00000E+00
6.79136E+04  3.93797E-15  6.43119E+01  -6.00000E+00
6.09327E+04  8.05972E+00  4.83861E+01  -6.00000E+00
1.20424E+05  3.93797E-15  6.43119E+01  -6.00000E+00
1.04774E+05  3.93797E-15  6.43119E+01  -6.00000E+00
5.90665E+04  -1.69504E+01  -2.28337E+01  -6.00000E+00
7.21371E+04  3.93797E-15  6.43119E+01  -6.00000E+00
7.20930E+04  3.93797E-15  6.43119E+01  -6.00000E+00
7.06779E+04  3.93797E-15  6.43119E+01  -6.00000E+00
7.21918E+04  3.93797E-15  6.43119E+01  -6.00000E+00
7.61557E+04  3.93797E-15  6.43119E+01  -6.00000E+00
1.05697E+05  3.93797E-15  6.43119E+01  -6.00000E+00
1.07919E+05  3.93797E-15  6.43119E+01  -6.00000E+00
7.11915E+04  3.93797E-15  6.43119E+01  -6.00000E+00
5.49346E+04  4.08313E+02  7.11295E+02  -6.00000E+00
1.04619E+05  -1.72891E+01  7.59755E+00  -6.00000E+00
1.09054E+05  3.93797E-15  6.43119E+01  -6.00000E+00
7.06593E+04  3.93797E-15  6.43119E+01  -6.00000E+00
7.67700E+04  3.93797E-15  6.43119E+01  -6.00000E+00
7.09664E+04  -1.18605E+01  2.72204E+01  -6.00000E+00
3.63327E+04  -3.87882E+01  -4.87878E-01  -6.00000E+00
8.83398E+04  1.61114E+01  9.10041E+00  -6.00000E+00
4.96515E+04  3.93797E-15  6.43119E+01  -6.00000E+00
1.02347E+05  3.93797E-15  6.43119E+01  -6.00000E+00
7.33658E+04  2.17753E+01  -5.06634E+00  -6.00000E+00
8.01149E+04  3.93797E-15  6.43119E+01  -6.00000E+00
8.86369E+04  3.93797E-15  6.43119E+01  -6.00000E+00
5.97194E+04  3.19152E+01  3.45206E-01  -6.00000E+00
8.81954E+04  3.93797E-15  6.43119E+01  -6.00000E+00
9.73593E+04  1.08015E+00  2.05290E+00  -6.00000E+00
1.18891E+05  3.93797E-15  6.43119E+01  -6.00000E+00
6.75093E+04  3.93797E-15  6.43119E+01  -6.00000E+00
9.76826E+04  3.93797E-15  6.43119E+01  -6.00000E+00
4.80160E+04  3.93797E-15  6.43119E+01  -6.00000E+00
8.62134E+04  3.93797E-15  6.43119E+01  -6.00000E+00
9.89815E+04  1.02944E+01  1.06374E+01  -6.00000E+00
9.37948E+04  3.93797E-15  6.43119E+01  -6.00000E+00
5.64401E+04  3.93797E-15  6.43119E+01  -6.00000E+00
5.93640E+04  3.93797E-15  6.43119E+01  -6.00000E+00
7.05172E+04  3.93797E-15  6.43119E+01  -6.00000E+00
6.78367E+04  3.93797E-15  6.43119E+01  -6.00000E+00
7.64469E+04  3.93797E-15  6.43119E+01  -6.00000E+00
8.51843E+04  3.93797E-15  6.43119E+01  -6.00000E+00
5.91952E+04  -1.78183E+01  -1.09478E+01  -6.00000E+00
7.77593E+04  3.93797E-15  6.43119E+01  -6.00000E+00
1.11819E+05  -3.91816E+00  5.67767E-01  -6.00000E+00
1.06661E+05  5.33090E+00  8.65746E+00  -6.00000E+00
6.44497E+04  -1.47464E+01  1.81334E+00  -6.00000E+00
1.10464E+05  3.93797E-15  6.43119E+01  -6.00000E+00
6.28304E+04  -6.23338E-02  1.42610E+01  -6.00000E+00
1.27633E+05  1.26239E+00  5.16960E+00  -6.00000E+00
6.23163E+04  3.93797E-15  6.43119E+01  -6.00000E+00
4.85152E+04  1.73612E+02  4.20813E+01  -6.00000E+00
7.59329E+04  3.93797E-15  6.43119E+01  -6.00000E+00
7.09703E+04  3.93797E-15  6.43119E+01  -6.00000E+00
7.78607E+04  3.93797E-15  6.43119E+01  -6.00000E+00
6.96525E+04  1.19242E+01  4.40566E+01  -6.00000E+00
1.41604E+05  3.93797E-15  6.43119E+01  -6.00000E+00
1.21076E+05  -7.90862E+01  1.53902E+02  -6.00000E+00
6.41225E+04  2.31300E+00  9.64552E+00  -6.00000E+00
5.43218E+04  -2.00264E+01  1.13012E+01  -6.00000E+00
7.97245E+04  -1.46643E+01  2.25650E+01  -6.00000E+00
5.85341E+04  3.93797E-15  6.43119E+01  -6.00000E+00
9.75773E+04  3.93797E-15  6.43119E+01  -6.00000E+00
6.75520E+04  3.93797E-15  6.43119E+01  -6.00000E+00
7.79992E+04  -7.34678E+00  -7.87447E+00  -6.00000E+00
9.69557E+04  3.93797E-15  6.43119E+01  -6.00000E+00
1.14127E+05  3.93797E-15  6.43119E+01  -6.00000E+00
5.87493E+04  1.93501E+01  -5.99984E-01  -6.00000E+00
9.06114E+04  1.05658E+01  1.38035E+00  -6.00000E+00
5.31367E+04  3.93797E-15  6.43119E+01  -6.00000E+00
7.47253E+04  3.93797E-15  6.43119E+01  -6.00000E+00
1.13700E+05  3.93797E-15  6.43119E+01  -6.00000E+00
8.43035E+04  3.93797E-15  6.43119E+01  -6.00000E+00
7.39255E+04  2.11423E+00  1.16494E+01  -6.00000E+00
1.14534E+05  -2.20090E+01  3.26401E+01  -6.00000E+00
7.65530E+04  3.09403E+00  2.38727E+00  -6.00000E+00
6.79645E+04  2.23219E+00  4.42443E+01  -6.00000E+00
4.21552E+04  3.93797E-15  6.43119E+01  -6.00000E+00
6.20854E+04  8.27014E+00  2.52586E+01  -6.00000E+00
4.56881E+04  -1.56298E+00  1.40401E+01  -6.00000E+00
8.80713E+04  3.93797E-15  6.43119E+01  -6.00000E+00
6.32345E+04  3.93797E-15  6.43119E+01  -6.00000E+00
8.47360E+04  3.93797E-15  6.43119E+01  -6.00000E+00
1.08859E+05  3.93797E-15  6.43119E+01  -6.00000E+00
4.21336E+04  3.93797E-15  6.43119E+01  -6.00000E+00
4.74938E+04  3.93797E-15  6.43119E+01  -6.00000E+00
9.65251E+04  3.26600E+00  1.30859E+01  -6.00000E+00
5.57485E+04  7.60854E+00  2.62041E+01  -6.00000E+00
6.34181E+04  -1.05251E+01  1.50220E+01  -6.00000E+00
7.07288E+04  3.93797E-15  6.43119E+01  -6.00000E+00
1.01999E+05  3.93797E-15  6.43119E+01  -6.00000E+00
1.28315E+05  3.93797E-15  6.43119E+01  -6.00000E+00
1.06115E+05  3.93797E-15  6.43119E+01  -6.00000E+00
1.11276E+05  2.45971E-01  6.63262E+00  -6.00000E+00
9.79875E+04  3.93797E-15  6.43119E+01  -6.00000E+00
8.96558E+04  3.93797E-15  6.43119E+01  -6.00000E+00
6.17271E+04  3.94396E+00  8.70091E+00  -6.00000E+00
4.67093E+04  3.45012E+00  6.42833E+00  -6.00000E+00
1.17990E+05  3.93797E-15  6.43119E+01  -6.00000E+00
1.16915E+05  3.93797E-15  6.43119E+01  -6.00000E+00
5.12581E+04  -4.04690E+00  -2.59749E-01  -6.00000E+00
7.12090E+04  6.55958E+00  6.20129E+00  -6.00000E+00
7.68631E+04  3.93797E-15  6.43119E+01  -6.00000E+00
5.78236E+04  -9.42340E+00  -8.73079E+00  -6.00000E+00
7.24069E+04  3.93797E-15  6.43119E+01  -6.00000E+00
1.21736E+05  3.93797E-15  6.43119E+01  -6.00000E+00
6.80919E+04  3.93797E-15  6.43119E+01  -6.00000E+00
9.83745E+04  1.04887E+01  -1.45612E+01  -6.00000E+00
8.80120E+04  1.47720E+01  2.10246E+01  -6.00000E+00
5.36378E+04  4.04711E+00  6.16722E+01  -6.00000E+00
1.17027E+05  3.93797E-15  6.43119E+01  -6.00000E+00
1.40012E+05  3.93797E-15  6.43119E+01  -6.00000E+00
6.26193E+04  4.16697E+00  3.27982E+00  -6.00000E+00
8.79589E+04  -1.23236E+01  1.61249E+00  -6.00000E+00
8.78082E+04  1.87869E+00  -6.73841E-01  -6.00000E+00
8.76969E+04  3.93797E-15  6.43119E+01  -6.00000E+00
4.97596E+04  -4.34579E+00  -5.75187E+00  -6.00000E+00
7.83919E+04  -3.85720E+01  2.84714E+01  -6.00000E+00
2.80044E+03  9.21752E+01  -8.31173E+01  -6.00000E+00
