3.000000000000000000e+03	1.913761944829639420e+07
3.150000000000000000e+03	7.954144401476511359e+07
3.300000000000000000e+03	2.683805106117011905e+08
3.450000000000000000e+03	7.719431849088665247e+08
3.600000000000000000e+03	1.968935399447290659e+09
3.750000000000000000e+03	4.601190682670433044e+09
3.900000000000000000e+03	1.014307139057270050e+10
4.050000000000000000e+03	2.169290803933014679e+10
4.200000000000000000e+03	4.645506036650032043e+10
4.350000000000000000e+03	1.039837172625810852e+11
4.500000000000000000e+03	2.633739152602981567e+11
4.650000000000000000e+03	1.183050082647887695e+12
4.800000000000000000e+03	3.115571064885492969e+13
4.950000000000000000e+03	2.012709861110476250e+14
5.100000000000000000e+03	6.208737747745600586e+12
5.250000000000000000e+03	1.493374294464441162e+12
5.400000000000000000e+03	7.599310513301318359e+11
5.550000000000000000e+03	4.950010011633392334e+11
5.700000000000000000e+03	3.655441300390503540e+11
5.850000000000000000e+03	2.911867972359046631e+11
6.000000000000000000e+03	2.439612698758968201e+11
6.150000000000000000e+03	2.119326684827240295e+11
6.300000000000000000e+03	1.891890922396241760e+11
6.450000000000000000e+03	1.725850984096320190e+11
6.600000000000000000e+03	1.603340353836962891e+11
6.750000000000000000e+03	1.513053870892726746e+11
6.900000000000000000e+03	1.449120746349903259e+11
7.050000000000000000e+03	1.406857160978156128e+11
7.200000000000000000e+03	1.384792228414551086e+11
7.350000000000000000e+03	1.382438528485713806e+11
7.500000000000000000e+03	1.400518019519005127e+11
7.650000000000000000e+03	2.481799493472978210e+11
7.800000000000000000e+03	2.618271530780816650e+11
7.950000000000000000e+03	2.786547227509484253e+11
8.100000000000000000e+03	2.996140463035886841e+11
8.250000000000000000e+03	3.263028651008688354e+11
8.400000000000000000e+03	3.613724269790855713e+11
8.550000000000000000e+03	4.092784671047908936e+11
8.700000000000000000e+03	4.780558878229586792e+11
8.850000000000000000e+03	5.835031960525700684e+11
9.000000000000000000e+03	7.639912286132116699e+11
9.150000000000000000e+03	1.202772624275272461e+12
9.300000000000000000e+03	4.200901514464294922e+12
9.450000000000000000e+03	3.192787782746943750e+13
9.600000000000000000e+03	1.443655727667347188e+14
9.750000000000000000e+03	2.584285583612392500e+14
9.900000000000000000e+03	2.092475112295222500e+14
1.005000000000000000e+04	1.448647589239300586e+13
1.020000000000000000e+04	2.234427426208493164e+12
1.035000000000000000e+04	1.287465629529029053e+12
1.050000000000000000e+04	9.571912983112658691e+11
1.065000000000000000e+04	8.121329231484721680e+11
1.080000000000000000e+04	7.461688488800718994e+11
1.095000000000000000e+04	7.215547386617196045e+11
1.110000000000000000e+04	7.223867261832500000e+11
1.125000000000000000e+04	7.418840523358292236e+11
1.140000000000000000e+04	7.777261635630517578e+11
1.155000000000000000e+04	8.303822725818010254e+11
1.170000000000000000e+04	9.021335511269670410e+11
1.185000000000000000e+04	9.974758039303247070e+11
1.200000000000000000e+04	1.124979865325766602e+12
1.215000000000000000e+04	1.303897804845751953e+12
1.230000000000000000e+04	1.582800924656749756e+12
1.245000000000000000e+04	2.080167410972677979e+12
1.260000000000000000e+04	3.066273855761429688e+12
1.275000000000000000e+04	5.098157545986801758e+12
1.290000000000000000e+04	9.190795052934417969e+12
1.305000000000000000e+04	1.694715391560301758e+13
1.320000000000000000e+04	3.049372630562698047e+13
1.335000000000000000e+04	5.205249701818503125e+13
1.350000000000000000e+04	8.315664711726082812e+13
1.365000000000000000e+04	1.238695791218227812e+14
1.380000000000000000e+04	1.726382163992520625e+14
1.395000000000000000e+04	2.273502920241025625e+14
1.410000000000000000e+04	2.872195021840018750e+14
1.425000000000000000e+04	3.539077492901494375e+14
1.440000000000000000e+04	4.364585662523790625e+14
1.455000000000000000e+04	5.772760577863886250e+14
1.470000000000000000e+04	8.785178028846646250e+14
1.485000000000000000e+04	1.396048494583773250e+15
1.500000000000000000e+04	1.889150473514969750e+15
1.515000000000000000e+04	4.471050628762280625e+14
1.530000000000000000e+04	4.271100803490438281e+13
1.545000000000000000e+04	1.877056885093765234e+13
1.560000000000000000e+04	1.096716602419542188e+13
1.575000000000000000e+04	7.299738260189341797e+12
1.590000000000000000e+04	5.265113087667762695e+12
1.605000000000000000e+04	4.023779870263219238e+12
1.620000000000000000e+04	3.216107048161187988e+12
1.635000000000000000e+04	2.662406045576782227e+12
1.650000000000000000e+04	2.263417937860944336e+12
1.665000000000000000e+04	1.961887800262602051e+12
1.680000000000000000e+04	1.724483232850835205e+12
1.695000000000000000e+04	1.532462119804506592e+12
1.710000000000000000e+04	1.375878560302986084e+12
1.725000000000000000e+04	1.249965945020040039e+12
1.740000000000000000e+04	1.152063576072395264e+12
1.755000000000000000e+04	1.080452820387021729e+12
1.770000000000000000e+04	1.033422109071039429e+12
1.785000000000000000e+04	1.009664341256013916e+12
1.800000000000000000e+04	1.009512106141302734e+12
1.815000000000000000e+04	1.036498368845456055e+12
1.830000000000000000e+04	1.103611173323851562e+12
1.845000000000000000e+04	1.267328233385565918e+12
1.860000000000000000e+04	1.834726181110447510e+12
1.875000000000000000e+04	4.319393435580969727e+12
1.890000000000000000e+04	1.428102956643560547e+13
1.905000000000000000e+04	4.536755758734974219e+13
1.920000000000000000e+04	1.159281464112891875e+14
1.935000000000000000e+04	2.277210599617483438e+14
1.950000000000000000e+04	3.474939354585009375e+14
1.965000000000000000e+04	4.292889493198644375e+14
1.980000000000000000e+04	4.317127051888514375e+14
1.995000000000000000e+04	2.602019657216784688e+14
2.010000000000000000e+04	2.095638808551191016e+13
2.025000000000000000e+04	3.422639869493500000e+12
2.040000000000000000e+04	1.966212100594734619e+12
2.055000000000000000e+04	1.371610940076176514e+12
2.070000000000000000e+04	1.057069343217169434e+12
2.085000000000000000e+04	8.678926158587401123e+11
2.100000000000000000e+04	7.447082883878542480e+11
2.115000000000000000e+04	6.599675141021142578e+11
2.130000000000000000e+04	5.992532049413449707e+11
2.145000000000000000e+04	5.545368498538327637e+11
2.160000000000000000e+04	5.211695892566207275e+11
2.175000000000000000e+04	4.965987855007604980e+11
2.190000000000000000e+04	4.794851571567304688e+11
2.205000000000000000e+04	4.692481239348095093e+11
2.220000000000000000e+04	4.655093526883886108e+11
2.235000000000000000e+04	4.684124963897691040e+11
2.250000000000000000e+04	4.785467431540539551e+11
2.265000000000000000e+04	4.989063618789616089e+11
2.280000000000000000e+04	5.407595892198720703e+11
2.295000000000000000e+04	6.470144653343798828e+11
2.310000000000000000e+04	9.798830684561628418e+11
2.325000000000000000e+04	2.057223602995630615e+12
2.340000000000000000e+04	5.227202533610647461e+12
2.355000000000000000e+04	1.313840177236162109e+13
2.370000000000000000e+04	2.913142581058500781e+13
2.385000000000000000e+04	5.396001169901006250e+13
2.400000000000000000e+04	8.063203013689753125e+13
2.415000000000000000e+04	9.388750332547732812e+13
2.430000000000000000e+04	8.094785807673401562e+13
2.445000000000000000e+04	4.742691928601051562e+13
2.460000000000000000e+04	2.697907333369086719e+13
2.475000000000000000e+04	1.147495872351043125e+14
2.490000000000000000e+04	3.918092631265100625e+14
2.505000000000000000e+04	4.613636251826507500e+14
2.520000000000000000e+04	2.025696494208477734e+13
2.535000000000000000e+04	4.882006550566981445e+12
2.550000000000000000e+04	4.004922510056817871e+12
2.565000000000000000e+04	4.451680742647806641e+12
2.580000000000000000e+04	5.609575139296472656e+12
2.595000000000000000e+04	7.407868984792351562e+12
2.610000000000000000e+04	9.893988078175851562e+12
2.625000000000000000e+04	1.314438535837196484e+13
2.640000000000000000e+04	1.722842719717079688e+13
2.655000000000000000e+04	2.218413761822340625e+13
2.670000000000000000e+04	2.799923143475650000e+13
2.685000000000000000e+04	3.459696202168773828e+13
2.700000000000000000e+04	4.182985391041106250e+13
2.715000000000000000e+04	4.948293702669730469e+13
2.730000000000000000e+04	5.728844373714546875e+13
2.745000000000000000e+04	6.495105653109113281e+13
2.760000000000000000e+04	7.218939321747439062e+13
2.775000000000000000e+04	7.878100174090901562e+13
2.790000000000000000e+04	8.459544526484737500e+13
2.805000000000000000e+04	8.957329251014671875e+13
2.820000000000000000e+04	9.359618069231700000e+13
2.835000000000000000e+04	9.629833054560007812e+13
2.850000000000000000e+04	9.714240794627034375e+13
2.865000000000000000e+04	9.633523450326051562e+13
2.880000000000000000e+04	9.671501360754914062e+13
2.895000000000000000e+04	1.052210947772051094e+14
2.910000000000000000e+04	1.314536416474673438e+14
2.925000000000000000e+04	1.827932147543510312e+14
2.940000000000000000e+04	2.593061248996821562e+14
2.955000000000000000e+04	3.505785320110828750e+14
2.970000000000000000e+04	4.253959317468230000e+14
2.985000000000000000e+04	4.033757747013869375e+14
3.000000000000000000e+04	2.282111721961305625e+14
3.015000000000000000e+04	3.467333171680814844e+13
3.030000000000000000e+04	5.948629511193475586e+12
3.045000000000000000e+04	2.689373935386878906e+12
3.060000000000000000e+04	1.691958419788806396e+12
3.075000000000000000e+04	1.265422913860037842e+12
3.090000000000000000e+04	1.006244876565174072e+12
3.105000000000000000e+04	8.346464227623874512e+11
3.120000000000000000e+04	7.148517266989003906e+11
3.135000000000000000e+04	6.284709776976060791e+11
3.150000000000000000e+04	5.652068716534042969e+11
3.165000000000000000e+04	5.191511721258024292e+11
3.180000000000000000e+04	4.870553191550421143e+11
3.195000000000000000e+04	4.669764335959179688e+11
3.210000000000000000e+04	4.579807741492110596e+11
3.225000000000000000e+04	4.599031983837885742e+11
3.240000000000000000e+04	4.752286520166303711e+11
3.255000000000000000e+04	5.238853679074255371e+11
3.270000000000000000e+04	6.962744664548999023e+11
3.285000000000000000e+04	1.291087147934774170e+12
3.300000000000000000e+04	3.079526693409834961e+12
3.315000000000000000e+04	7.649969895901979492e+12
3.330000000000000000e+04	1.756252411128138086e+13
3.345000000000000000e+04	3.578960898877248438e+13
3.360000000000000000e+04	6.400900459542513281e+13
3.375000000000000000e+04	1.001312431582556406e+14
3.390000000000000000e+04	1.366838611860505000e+14
3.405000000000000000e+04	1.620421363862357188e+14
3.420000000000000000e+04	1.648344223656044375e+14
3.435000000000000000e+04	1.397128743994476250e+14
3.450000000000000000e+04	9.471232677432898438e+13
3.465000000000000000e+04	7.186583610051067188e+13
3.480000000000000000e+04	1.335578399875448438e+14
3.495000000000000000e+04	2.418858713137634688e+14
3.510000000000000000e+04	2.273328153453706875e+14
3.525000000000000000e+04	1.844412753817949609e+13
3.540000000000000000e+04	2.227019269847543457e+12
3.555000000000000000e+04	1.193184623837667480e+12
3.570000000000000000e+04	8.069932480379619141e+11
3.585000000000000000e+04	6.112620819181921387e+11
3.600000000000000000e+04	4.973971949288461914e+11
3.615000000000000000e+04	4.262274279187467041e+11
3.630000000000000000e+04	3.807157548847674561e+11
3.645000000000000000e+04	3.531928827021177979e+11
3.660000000000000000e+04	3.417182480390394287e+11
3.675000000000000000e+04	3.517470952149229736e+11
3.690000000000000000e+04	4.031383331851283569e+11
3.705000000000000000e+04	5.472859509889873657e+11
3.720000000000000000e+04	8.986959576193121338e+11
3.735000000000000000e+04	1.681237973558562500e+12
3.750000000000000000e+04	3.273695483922347656e+12
3.765000000000000000e+04	6.208560583005892578e+12
3.780000000000000000e+04	1.104764376610240430e+13
3.795000000000000000e+04	1.806177237602270703e+13
3.810000000000000000e+04	2.673776695617306641e+13
3.825000000000000000e+04	3.535142879648018750e+13
3.840000000000000000e+04	4.106462891172457031e+13
3.855000000000000000e+04	4.096756212477595312e+13
3.870000000000000000e+04	3.399071333178988281e+13
3.885000000000000000e+04	2.285358930320662109e+13
3.900000000000000000e+04	1.483259993827139453e+13
3.915000000000000000e+04	2.063926861624780078e+13
3.930000000000000000e+04	5.159386539092151562e+13
3.945000000000000000e+04	1.148492211586415469e+14
3.960000000000000000e+04	2.021132411106589688e+14
3.975000000000000000e+04	2.695631135149094688e+14
3.990000000000000000e+04	2.596892914348506250e+14
4.005000000000000000e+04	1.422183535076238438e+14
4.020000000000000000e+04	2.206275094416518359e+13
4.035000000000000000e+04	5.310947184035849609e+12
4.050000000000000000e+04	4.365095344754368652e+12
4.065000000000000000e+04	4.072898705577216797e+12
4.080000000000000000e+04	3.889970293790333496e+12
4.095000000000000000e+04	3.719653242948710449e+12
4.110000000000000000e+04	3.529462503201738281e+12
4.125000000000000000e+04	3.312654674991474121e+12
4.140000000000000000e+04	3.079276085608217285e+12
4.155000000000000000e+04	2.855030017623904785e+12
4.170000000000000000e+04	2.681817531526347168e+12
4.185000000000000000e+04	2.615872924034080566e+12
4.200000000000000000e+04	2.716935331191057617e+12
4.215000000000000000e+04	3.023473288131461426e+12
4.230000000000000000e+04	3.513584815646576660e+12
4.245000000000000000e+04	4.069334369077211914e+12
4.260000000000000000e+04	4.485837403380017578e+12
4.275000000000000000e+04	4.587055245138178711e+12
4.290000000000000000e+04	4.491424538849267578e+12
4.305000000000000000e+04	4.986493844184455078e+12
4.320000000000000000e+04	7.825543527164531250e+12
4.335000000000000000e+04	1.564366416143873438e+13
4.350000000000000000e+04	3.124480312096766797e+13
4.365000000000000000e+04	5.630683626586311719e+13
4.380000000000000000e+04	8.994322117507682812e+13
4.395000000000000000e+04	1.277013299410784219e+14
4.410000000000000000e+04	1.613927914147414688e+14
4.425000000000000000e+04	1.803442003752665000e+14
4.440000000000000000e+04	1.763936909782233438e+14
4.455000000000000000e+04	1.573325123067414375e+14
4.470000000000000000e+04	1.496812123586311250e+14
4.485000000000000000e+04	1.606229836259074062e+14
4.500000000000000000e+04	2.057066148403763438e+14
4.515000000000000000e+04	1.786802238436957500e+14
4.530000000000000000e+04	7.082883352817246875e+13
4.545000000000000000e+04	2.629524282594228125e+13
4.560000000000000000e+04	4.935938124909137695e+12
4.575000000000000000e+04	1.726619363344157471e+12
4.590000000000000000e+04	1.123564679196420166e+12
4.605000000000000000e+04	8.495722567209765625e+11
4.620000000000000000e+04	6.993102635239957275e+11
4.635000000000000000e+04	6.106288704947330322e+11
4.650000000000000000e+04	5.541405367056774902e+11
4.665000000000000000e+04	5.155539640360448608e+11
4.680000000000000000e+04	5.024810195691781616e+11
4.695000000000000000e+04	5.718475321699431152e+11
4.710000000000000000e+04	8.795486501940838623e+11
4.725000000000000000e+04	1.745656716016460449e+12
4.740000000000000000e+04	3.706809544421280762e+12
4.755000000000000000e+04	7.502559994344318359e+12
4.770000000000000000e+04	1.392788535850900391e+13
4.785000000000000000e+04	2.351002404279144531e+13
4.800000000000000000e+04	3.605120218406801562e+13
4.815000000000000000e+04	5.020464754883220312e+13
4.830000000000000000e+04	6.335473249313413281e+13
4.845000000000000000e+04	7.205960564162017188e+13
4.860000000000000000e+04	7.312923677835426562e+13
4.875000000000000000e+04	6.511969272685694531e+13
4.890000000000000000e+04	4.979623117435398438e+13
4.905000000000000000e+04	3.308019646693522656e+13
4.920000000000000000e+04	2.500886605724192578e+13
4.935000000000000000e+04	3.766929348114359375e+13
4.950000000000000000e+04	7.784096064716476562e+13
4.965000000000000000e+04	1.334272961034301562e+14
4.980000000000000000e+04	1.752024331521012812e+14
4.995000000000000000e+04	1.713718300770576562e+14
5.010000000000000000e+04	9.299766386227423438e+13
5.025000000000000000e+04	1.630920434980409375e+13
5.040000000000000000e+04	1.753640707846976074e+12
5.055000000000000000e+04	8.083513722807526855e+11
5.070000000000000000e+04	5.655257806364156494e+11
5.085000000000000000e+04	4.541854148616393433e+11
5.100000000000000000e+04	4.177668285462000122e+11
5.115000000000000000e+04	4.591341159124622803e+11
5.130000000000000000e+04	6.180647112901477051e+11
5.145000000000000000e+04	9.733390248089971924e+11
5.160000000000000000e+04	1.646497661736928467e+12
5.175000000000000000e+04	2.795305006278677246e+12
5.190000000000000000e+04	4.585312033780357422e+12
5.205000000000000000e+04	7.129182133079018555e+12
5.220000000000000000e+04	1.039528436710682227e+13
5.235000000000000000e+04	1.410746298877551172e+13
5.250000000000000000e+04	1.768522766273449219e+13
5.265000000000000000e+04	2.029337298055358984e+13
5.280000000000000000e+04	2.105752112078226562e+13
5.295000000000000000e+04	1.944592170983266016e+13
5.310000000000000000e+04	1.572270278131809961e+13
5.325000000000000000e+04	1.128151301430052344e+13
5.340000000000000000e+04	8.634412278594262695e+12
5.355000000000000000e+04	1.089805704441213477e+13
5.370000000000000000e+04	2.077976234783773828e+13
5.385000000000000000e+04	3.924894900685036719e+13
5.400000000000000000e+04	6.422845680830065625e+13
5.415000000000000000e+04	8.987886563077610938e+13
5.430000000000000000e+04	1.079112555740578750e+14
5.445000000000000000e+04	1.132988108957586719e+14
5.460000000000000000e+04	1.085067323792913438e+14
5.475000000000000000e+04	9.497587508476523438e+13
5.490000000000000000e+04	8.336264028857192188e+13
5.505000000000000000e+04	9.391166383469895312e+13
5.520000000000000000e+04	6.698848788223965625e+13
5.535000000000000000e+04	1.511961271802689062e+13
5.550000000000000000e+04	4.283981040550931152e+12
5.565000000000000000e+04	4.011719271895957031e+12
5.580000000000000000e+04	4.393051096806517090e+12
5.595000000000000000e+04	4.956741222770445312e+12
5.610000000000000000e+04	5.667638962202357422e+12
5.625000000000000000e+04	6.509702530730925781e+12
5.640000000000000000e+04	7.450284748941496094e+12
5.655000000000000000e+04	8.423894003276185547e+12
5.670000000000000000e+04	9.328729035292419922e+12
5.685000000000000000e+04	1.004470132389504688e+13
5.700000000000000000e+04	1.048356399748870117e+13
5.715000000000000000e+04	1.067031718342808203e+13
5.730000000000000000e+04	1.084171433950367383e+13
5.745000000000000000e+04	1.152102273990017578e+13
5.760000000000000000e+04	1.351114283285800391e+13
5.775000000000000000e+04	1.775270424674110156e+13
5.790000000000000000e+04	2.502566925679626953e+13
5.805000000000000000e+04	3.554452512260535156e+13
5.820000000000000000e+04	4.857418410708913281e+13
5.835000000000000000e+04	6.224319934181048438e+13
5.850000000000000000e+04	7.372910170393942188e+13
5.865000000000000000e+04	7.991396822622034375e+13
5.880000000000000000e+04	7.850043348045950000e+13
5.895000000000000000e+04	6.945049201083250781e+13
5.910000000000000000e+04	5.638770907499706250e+13
5.925000000000000000e+04	4.698103395061353906e+13
5.940000000000000000e+04	4.998706115337262500e+13
5.955000000000000000e+04	6.802715080735417188e+13
5.970000000000000000e+04	9.471551480870682812e+13
5.985000000000000000e+04	1.187588929947084844e+14
6.000000000000000000e+04	1.160478038796192812e+14
6.015000000000000000e+04	6.528404505452551562e+13
6.030000000000000000e+04	1.632366630887154102e+13
6.045000000000000000e+04	3.202739479498574707e+12
6.060000000000000000e+04	1.179440572984851807e+12
6.075000000000000000e+04	7.169311898743112793e+11
6.090000000000000000e+04	5.800121013486593018e+11
6.105000000000000000e+04	5.086764305574226685e+11
6.120000000000000000e+04	4.924665715677352295e+11
6.135000000000000000e+04	5.963994976086157227e+11
6.150000000000000000e+04	9.480900766848601074e+11
6.165000000000000000e+04	1.765994608465407471e+12
6.180000000000000000e+04	3.309095746655326660e+12
6.195000000000000000e+04	5.852234338346415039e+12
6.210000000000000000e+04	9.590496690850888672e+12
6.225000000000000000e+04	1.452097771942180859e+13
6.240000000000000000e+04	2.032279803364998047e+13
6.255000000000000000e+04	2.629262665901297656e+13
6.270000000000000000e+04	3.139150977900742969e+13
6.285000000000000000e+04	3.444432271259686328e+13
6.300000000000000000e+04	3.448981073394507031e+13
6.315000000000000000e+04	3.120680783293829688e+13
6.330000000000000000e+04	2.528714229396768750e+13
6.345000000000000000e+04	1.858835719150967188e+13
6.360000000000000000e+04	1.390896596625622070e+13
6.375000000000000000e+04	1.428885336489870312e+13
6.390000000000000000e+04	2.184276012544265625e+13
6.405000000000000000e+04	3.638884363003594531e+13
6.420000000000000000e+04	5.476136079792404688e+13
6.435000000000000000e+04	7.218454017983323438e+13
6.450000000000000000e+04	8.427084605710325000e+13
6.465000000000000000e+04	8.577346798810882812e+13
6.480000000000000000e+04	7.408199537066259375e+13
6.495000000000000000e+04	6.117425439892196094e+13
6.510000000000000000e+04	5.787179218508594531e+13
6.525000000000000000e+04	3.740742611982384375e+13
6.540000000000000000e+04	9.632729289328847656e+12
6.555000000000000000e+04	1.672884010164175293e+12
6.570000000000000000e+04	1.181384376581935547e+12
6.585000000000000000e+04	1.542450465853428467e+12
6.600000000000000000e+04	2.220852223964073730e+12
6.615000000000000000e+04	3.230815646197752441e+12
6.630000000000000000e+04	4.584117100325355469e+12
6.645000000000000000e+04	6.237459552347734375e+12
6.660000000000000000e+04	8.062590976787311523e+12
6.675000000000000000e+04	9.833656731192865234e+12
6.690000000000000000e+04	1.124636383890881836e+13
6.705000000000000000e+04	1.197839649612689258e+13
6.720000000000000000e+04	1.179260705411823242e+13
6.735000000000000000e+04	1.066479370303505859e+13
6.750000000000000000e+04	8.897696723727994141e+12
6.765000000000000000e+04	7.169274179404029297e+12
6.780000000000000000e+04	6.463894509717250000e+12
6.795000000000000000e+04	7.858985486432638672e+12
6.810000000000000000e+04	1.218632662227516406e+13
6.825000000000000000e+04	1.964108247420622656e+13
6.840000000000000000e+04	2.946676274222990234e+13
6.855000000000000000e+04	3.987485717057659375e+13
6.870000000000000000e+04	4.836142477957346875e+13
6.885000000000000000e+04	5.253627381828118750e+13
6.900000000000000000e+04	5.141179843981272656e+13
6.915000000000000000e+04	4.660597719206729688e+13
6.930000000000000000e+04	4.207197427647424219e+13
6.945000000000000000e+04	4.152366748805744531e+13
6.960000000000000000e+04	4.667222480696937500e+13
6.975000000000000000e+04	5.842378745360781250e+13
6.990000000000000000e+04	7.275114437753290625e+13
7.005000000000000000e+04	7.117376275533500000e+13
7.020000000000000000e+04	4.133907986053525000e+13
7.035000000000000000e+04	1.285763393419461719e+13
7.050000000000000000e+04	4.460910606486095703e+12
7.065000000000000000e+04	3.723660121327906250e+12
7.080000000000000000e+04	3.852435951225292969e+12
7.095000000000000000e+04	3.987679807946770020e+12
7.110000000000000000e+04	4.016803707342410156e+12
7.125000000000000000e+04	3.889218210433185547e+12
7.140000000000000000e+04	3.607682159483812500e+12
7.155000000000000000e+04	3.255235717852617676e+12
7.170000000000000000e+04	3.017764785735144043e+12
7.185000000000000000e+04	3.184685170926763184e+12
7.200000000000000000e+04	4.114412421629564941e+12
7.215000000000000000e+04	6.155529439153951172e+12
7.230000000000000000e+04	9.531250998922472656e+12
7.245000000000000000e+04	1.420991259391012305e+13
7.260000000000000000e+04	1.980424209336055859e+13
7.275000000000000000e+04	2.554836417796107422e+13
7.290000000000000000e+04	3.039618091315811719e+13
7.305000000000000000e+04	3.325656509684276562e+13
7.320000000000000000e+04	3.333959286396021484e+13
7.335000000000000000e+04	3.053300546346582812e+13
7.350000000000000000e+04	2.568129431525093750e+13
7.365000000000000000e+04	2.060214769310467969e+13
7.380000000000000000e+04	1.768655879852667188e+13
7.395000000000000000e+04	1.905347146313510547e+13
7.410000000000000000e+04	2.559927466731899219e+13
7.425000000000000000e+04	3.662299813668501562e+13
7.440000000000000000e+04	4.990464294072477344e+13
7.455000000000000000e+04	6.108907524802525781e+13
7.470000000000000000e+04	6.425602141920192188e+13
7.485000000000000000e+04	5.736498394383298438e+13
7.500000000000000000e+04	4.772935435299675781e+13
7.515000000000000000e+04	4.053642903843407812e+13
7.530000000000000000e+04	2.630462665968399219e+13
7.545000000000000000e+04	1.078199495121031055e+13
7.560000000000000000e+04	4.490308181174189453e+12
7.575000000000000000e+04	2.411867137480548828e+12
7.590000000000000000e+04	1.516847761801433594e+12
7.605000000000000000e+04	1.715312680589346924e+12
7.620000000000000000e+04	2.667247531122773926e+12
7.635000000000000000e+04	4.181212005205157227e+12
7.650000000000000000e+04	6.230931508749901367e+12
7.665000000000000000e+04	8.722091893069392578e+12
7.680000000000000000e+04	1.143832682614143945e+13
7.695000000000000000e+04	1.403777117089328125e+13
7.710000000000000000e+04	1.609278333255621875e+13
7.725000000000000000e+04	1.718009445458534180e+13
7.740000000000000000e+04	1.700292825403565625e+13
7.755000000000000000e+04	1.552537386237306055e+13
7.770000000000000000e+04	1.307036230755293945e+13
7.785000000000000000e+04	1.033966955486412305e+13
7.800000000000000000e+04	8.312133500508798828e+12
7.815000000000000000e+04	8.013157741903385742e+12
7.830000000000000000e+04	1.018267162406487109e+13
7.845000000000000000e+04	1.493257559506918555e+13
7.860000000000000000e+04	2.153395312695749219e+13
7.875000000000000000e+04	2.851613621193169531e+13
7.890000000000000000e+04	3.419641225593485938e+13
7.905000000000000000e+04	3.748425886787244531e+13
7.920000000000000000e+04	3.831578133366207812e+13
7.935000000000000000e+04	3.722033522996172656e+13
7.950000000000000000e+04	3.508446523225480469e+13
7.965000000000000000e+04	3.431914378650977344e+13
7.980000000000000000e+04	3.840586139125659375e+13
7.995000000000000000e+04	4.553671071488885938e+13
8.010000000000000000e+04	4.337997448759230469e+13
8.025000000000000000e+04	2.583086630945058594e+13
8.040000000000000000e+04	9.223038945536828125e+12
8.055000000000000000e+04	3.749241738058181641e+12
8.070000000000000000e+04	3.593601471555990234e+12
8.085000000000000000e+04	4.376841781704335449e+12
8.100000000000000000e+04	5.230463924416493164e+12
8.115000000000000000e+04	5.964756929118001953e+12
8.130000000000000000e+04	6.437484349507711914e+12
8.145000000000000000e+04	6.535470968068697266e+12
8.160000000000000000e+04	6.211625004355071289e+12
8.175000000000000000e+04	5.524972131214610352e+12
8.190000000000000000e+04	4.666122071858166016e+12
8.205000000000000000e+04	3.954068675127323730e+12
8.220000000000000000e+04	3.791234820169414062e+12
8.235000000000000000e+04	4.575798700400117188e+12
8.250000000000000000e+04	6.581813663968158203e+12
8.265000000000000000e+04	9.836141665272562500e+12
8.280000000000000000e+04	1.403133365976182227e+13
8.295000000000000000e+04	1.852008655073144922e+13
8.310000000000000000e+04	2.242404885284642578e+13
8.325000000000000000e+04	2.486447357909627344e+13
8.340000000000000000e+04	2.527364588441948438e+13
8.355000000000000000e+04	2.369055867883559375e+13
8.370000000000000000e+04	2.089284817224035156e+13
8.385000000000000000e+04	1.823783791203996875e+13
8.400000000000000000e+04	1.724311844658380664e+13
8.415000000000000000e+04	1.914285015859930469e+13
8.430000000000000000e+04	2.448421122068029688e+13
8.445000000000000000e+04	3.242115543430882422e+13
8.460000000000000000e+04	4.001036935403610938e+13
8.475000000000000000e+04	4.308095385483846094e+13
8.490000000000000000e+04	3.967108377465410938e+13
8.505000000000000000e+04	3.296968147798744141e+13
8.520000000000000000e+04	2.566108459197703516e+13
8.535000000000000000e+04	1.562537993620762305e+13
8.550000000000000000e+04	6.438704336491303711e+12
8.565000000000000000e+04	2.548084484239954590e+12
8.580000000000000000e+04	1.688509638805972168e+12
8.595000000000000000e+04	1.479686250503431885e+12
8.610000000000000000e+04	1.466511061611916748e+12
8.625000000000000000e+04	1.731466360555259033e+12
8.640000000000000000e+04	2.417120585399284180e+12
8.655000000000000000e+04	3.643223031863826660e+12
8.670000000000000000e+04	5.459024159503611328e+12
8.685000000000000000e+04	7.801305254526010742e+12
8.700000000000000000e+04	1.046898486465758594e+13
8.715000000000000000e+04	1.312912232938459766e+13
8.730000000000000000e+04	1.536367901444238867e+13
8.745000000000000000e+04	1.675822631172385742e+13
8.760000000000000000e+04	1.701894958620495703e+13
8.775000000000000000e+04	1.609054518676205469e+13
8.790000000000000000e+04	1.423529735139957227e+13
8.805000000000000000e+04	1.203242937822640625e+13
8.820000000000000000e+04	1.026865050900088867e+13
8.835000000000000000e+04	9.724036434537652344e+12
8.850000000000000000e+04	1.090795492751222070e+13
8.865000000000000000e+04	1.385686486162036719e+13
8.880000000000000000e+04	1.811876838714126953e+13
8.895000000000000000e+04	2.293696086024094531e+13
8.910000000000000000e+04	2.741741073741826562e+13
8.925000000000000000e+04	3.048354481020878516e+13
8.940000000000000000e+04	3.104531952312169531e+13
8.955000000000000000e+04	2.908735028070285547e+13
8.970000000000000000e+04	2.685345349808410156e+13
8.985000000000000000e+04	2.749243645659705078e+13
9.000000000000000000e+04	3.003614798113156250e+13
9.015000000000000000e+04	2.731032817838126172e+13
9.030000000000000000e+04	1.672930626037688672e+13
9.045000000000000000e+04	6.884281796869117188e+12
9.060000000000000000e+04	3.194648420610185547e+12
9.075000000000000000e+04	3.070951823360122559e+12
9.090000000000000000e+04	3.962224115240652344e+12
9.105000000000000000e+04	5.146739203507643555e+12
9.120000000000000000e+04	6.404559117383782227e+12
9.135000000000000000e+04	7.548794235504012695e+12
9.150000000000000000e+04	8.396811646281383789e+12
9.165000000000000000e+04	8.790980975470565430e+12
9.180000000000000000e+04	8.641335123859026367e+12
9.195000000000000000e+04	7.966913454465909180e+12
9.210000000000000000e+04	6.921805727917750000e+12
9.225000000000000000e+04	5.791437004063869141e+12
9.240000000000000000e+04	4.949603479174117188e+12
9.255000000000000000e+04	4.776719517102548828e+12
9.270000000000000000e+04	5.552596741619021484e+12
9.285000000000000000e+04	7.351308300817178711e+12
9.300000000000000000e+04	9.975346983924189453e+12
9.315000000000000000e+04	1.296637989603420703e+13
9.330000000000000000e+04	1.571279295612528320e+13
9.345000000000000000e+04	1.763814916839140625e+13
9.360000000000000000e+04	1.840697692209046875e+13
9.375000000000000000e+04	1.805881975049676172e+13
9.390000000000000000e+04	1.702372517895992773e+13
9.405000000000000000e+04	1.606177328093533984e+13
9.420000000000000000e+04	1.614770704947126172e+13
9.435000000000000000e+04	1.814256948478321875e+13
9.450000000000000000e+04	2.212433068752503516e+13
9.465000000000000000e+04	2.672032267113166797e+13
9.480000000000000000e+04	2.933669710623066797e+13
9.495000000000000000e+04	2.815193122453468750e+13
9.510000000000000000e+04	2.409248333038126172e+13
9.525000000000000000e+04	1.864778806347316406e+13
9.540000000000000000e+04	1.216571195171627344e+13
9.555000000000000000e+04	6.803542786363162109e+12
9.570000000000000000e+04	4.372563331068353027e+12
9.585000000000000000e+04	3.702263500465520508e+12
9.600000000000000000e+04	3.391533383408506348e+12
9.615000000000000000e+04	3.027126138213167480e+12
9.630000000000000000e+04	2.643700083458433594e+12
9.645000000000000000e+04	2.379480250068895020e+12
9.660000000000000000e+04	2.399250160113271973e+12
9.675000000000000000e+04	2.853528007998910645e+12
9.690000000000000000e+04	3.834624183917622070e+12
9.705000000000000000e+04	5.335837495567406250e+12
9.720000000000000000e+04	7.226421077302704102e+12
9.735000000000000000e+04	9.254956275556447266e+12
9.750000000000000000e+04	1.108905779384838086e+13
9.765000000000000000e+04	1.239014698205426562e+13
9.780000000000000000e+04	1.290954690147666602e+13
9.795000000000000000e+04	1.257950351303139062e+13
9.810000000000000000e+04	1.156561537639510352e+13
9.825000000000000000e+04	1.025192967538931641e+13
9.840000000000000000e+04	9.152637635295521484e+12
9.855000000000000000e+04	8.780757640881788086e+12
9.870000000000000000e+04	9.529666180121388672e+12
9.885000000000000000e+04	1.159155651625691211e+13
9.900000000000000000e+04	1.484791106017846875e+13
9.915000000000000000e+04	1.867173593328752734e+13
9.930000000000000000e+04	2.185001462727110547e+13
9.945000000000000000e+04	2.307991026017114062e+13
9.960000000000000000e+04	2.206859344009712109e+13
9.975000000000000000e+04	2.027252437423462891e+13
9.990000000000000000e+04	1.974696897526565234e+13
1.000500000000000000e+05	1.997368498054929688e+13
1.002000000000000000e+05	1.727961805806590234e+13
1.003500000000000000e+05	1.077197185068871289e+13
1.005000000000000000e+05	4.804030689104603516e+12
1.006500000000000000e+05	2.205755769169129883e+12
1.008000000000000000e+05	1.890339372688794434e+12
1.009500000000000000e+05	2.415117953462347656e+12
1.011000000000000000e+05	3.283833520436872070e+12
1.012500000000000000e+05	4.381325679915945312e+12
1.014000000000000000e+05	5.595627588529839844e+12
1.015500000000000000e+05	6.780588358171162109e+12
1.017000000000000000e+05	7.765845430372166992e+12
1.018500000000000000e+05	8.390198163405127930e+12
1.020000000000000000e+05	8.542801197321232422e+12
1.021500000000000000e+05	8.202178328730317383e+12
1.023000000000000000e+05	7.460837399533504883e+12
1.024500000000000000e+05	6.524049491743052734e+12
1.026000000000000000e+05	5.675958539263482422e+12
1.027500000000000000e+05	5.215413841706586914e+12
1.029000000000000000e+05	5.375282844413297852e+12
1.030500000000000000e+05	6.249452305399261719e+12
1.032000000000000000e+05	7.754810262908296875e+12
1.033500000000000000e+05	9.645718303546253906e+12
1.035000000000000000e+05	1.157578406534125781e+13
1.036500000000000000e+05	1.318057171509991406e+13
1.038000000000000000e+05	1.416076016617619922e+13
1.039500000000000000e+05	1.438029256842460352e+13
1.041000000000000000e+05	1.399712541084041602e+13
1.042500000000000000e+05	1.355265926568947461e+13
1.044000000000000000e+05	1.383538557099574219e+13
1.045500000000000000e+05	1.538108873118765234e+13
1.047000000000000000e+05	1.778550312122934766e+13
1.048500000000000000e+05	1.955334583444235547e+13
1.050000000000000000e+05	1.924451664364846484e+13
1.051500000000000000e+05	1.683700996518365234e+13
1.053000000000000000e+05	1.317583185165202148e+13
1.054500000000000000e+05	9.173425266510767578e+12
1.056000000000000000e+05	6.195811599617244141e+12
1.057500000000000000e+05	4.952299697891884766e+12
1.059000000000000000e+05	4.756714871414838867e+12
1.060500000000000000e+05	4.740337147712107422e+12
1.062000000000000000e+05	4.579807907077529297e+12
1.063500000000000000e+05	4.245612455315656250e+12
1.065000000000000000e+05	3.791197998795026367e+12
1.066500000000000000e+05	3.320766552147914062e+12
1.068000000000000000e+05	2.976664164212024414e+12
1.069500000000000000e+05	2.905554965065059082e+12
1.071000000000000000e+05	3.218446445682518066e+12
1.072500000000000000e+05	3.953494671020835449e+12
1.074000000000000000e+05	5.053646070587468750e+12
1.075500000000000000e+05	6.366223165152274414e+12
1.077000000000000000e+05	7.670326686647937500e+12
1.078500000000000000e+05	8.728786590774841797e+12
1.080000000000000000e+05	9.352020027178304688e+12
1.081500000000000000e+05	9.454952147200255859e+12
1.083000000000000000e+05	9.090615634970603516e+12
1.084500000000000000e+05	8.456272421217125000e+12
1.086000000000000000e+05	7.879303951359881836e+12
1.087500000000000000e+05	7.778546548042684570e+12
1.089000000000000000e+05	8.558510186942948242e+12
1.090500000000000000e+05	1.039126794355866016e+13
1.092000000000000000e+05	1.295919149384449805e+13
1.093500000000000000e+05	1.540831009618320312e+13
1.095000000000000000e+05	1.674703369243988086e+13
1.096500000000000000e+05	1.658904218532818555e+13
1.098000000000000000e+05	1.563333146750066211e+13
1.099500000000000000e+05	1.496679232844163281e+13
1.101000000000000000e+05	1.432064266056414062e+13
1.102500000000000000e+05	1.203389034709207227e+13
1.104000000000000000e+05	7.955596066726996094e+12
1.105500000000000000e+05	4.242864052009619141e+12
1.107000000000000000e+05	2.294949440742787109e+12
1.108500000000000000e+05	1.669745683822255615e+12
1.110000000000000000e+05	1.612704035851526123e+12
1.111500000000000000e+05	1.839055903311412598e+12
1.113000000000000000e+05	2.307777405820284668e+12
1.114500000000000000e+05	3.000827594074575684e+12
1.116000000000000000e+05	3.861209816514643555e+12
1.117500000000000000e+05	4.788101943120259766e+12
1.119000000000000000e+05	5.650700955196213867e+12
1.120500000000000000e+05	6.313829353114150391e+12
1.122000000000000000e+05	6.670213376275596680e+12
1.123500000000000000e+05	6.671697071128439453e+12
1.125000000000000000e+05	6.350126182852832031e+12
1.126500000000000000e+05	5.819949745575657227e+12
1.128000000000000000e+05	5.259143975690322266e+12
1.129500000000000000e+05	4.871953585622236328e+12
1.131000000000000000e+05	4.843195541481959961e+12
1.132500000000000000e+05	5.295312245651650391e+12
1.134000000000000000e+05	6.254097538195903320e+12
1.135500000000000000e+05	7.622230611208605469e+12
1.137000000000000000e+05	9.164671972256005859e+12
1.138500000000000000e+05	1.053251882895765430e+13
1.140000000000000000e+05	1.136794031915715039e+13
1.141500000000000000e+05	1.149677397211559570e+13
1.143000000000000000e+05	1.111676595950074023e+13
1.144500000000000000e+05	1.079529362070556055e+13
1.146000000000000000e+05	1.111923865686844141e+13
1.147500000000000000e+05	1.211136046400267578e+13
1.149000000000000000e+05	1.297947204648822461e+13
1.150500000000000000e+05	1.273826121296194141e+13
1.152000000000000000e+05	1.111040356046461328e+13
1.153500000000000000e+05	8.568969944470309570e+12
1.155000000000000000e+05	5.937783563355405273e+12
1.156500000000000000e+05	4.116122574896604004e+12
1.158000000000000000e+05	3.472722663234394043e+12
1.159500000000000000e+05	3.612736506735501465e+12
1.161000000000000000e+05	3.977568779731412109e+12
1.162500000000000000e+05	4.268051063309223145e+12
1.164000000000000000e+05	4.373683639511342773e+12
1.165500000000000000e+05	4.274159239318019043e+12
1.167000000000000000e+05	4.000823309927151367e+12
1.168500000000000000e+05	3.628570995665468750e+12
1.170000000000000000e+05	3.264124470899901367e+12
1.171500000000000000e+05	3.025291750851737305e+12
1.173000000000000000e+05	3.014282338367921875e+12
1.174500000000000000e+05	3.291304496213829102e+12
1.176000000000000000e+05	3.855671922876687988e+12
1.177500000000000000e+05	4.640280395449421875e+12
1.179000000000000000e+05	5.521610702766845703e+12
1.180500000000000000e+05	6.343318412716576172e+12
1.182000000000000000e+05	6.949774646733544922e+12
1.183500000000000000e+05	7.227938315965739258e+12
1.185000000000000000e+05	7.157551191728955078e+12
1.186500000000000000e+05	6.859773386604692383e+12
1.188000000000000000e+05	6.609265671589598633e+12
1.189500000000000000e+05	6.758088339410101562e+12
1.191000000000000000e+05	7.556002604325553711e+12
1.192500000000000000e+05	8.946029130109531250e+12
1.194000000000000000e+05	1.049308730399872852e+13
1.195500000000000000e+05	1.158071213863197266e+13
1.197000000000000000e+05	1.184725979532345508e+13
1.198500000000000000e+05	1.151480877164010547e+13
1.200000000000000000e+05	1.105379256714458008e+13
1.201500000000000000e+05	1.034111204963919141e+13
1.203000000000000000e+05	8.731962754657457031e+12
1.204500000000000000e+05	6.320038615490451172e+12
1.206000000000000000e+05	4.145458713169844238e+12
1.207500000000000000e+05	2.864951910360449219e+12
1.209000000000000000e+05	2.275237845114399902e+12
1.210500000000000000e+05	1.980716726540185059e+12
1.212000000000000000e+05	1.813873683740808350e+12
1.213500000000000000e+05	1.778727207887030273e+12
1.215000000000000000e+05	1.907003082995526611e+12
1.216500000000000000e+05	2.215709323707813477e+12
1.218000000000000000e+05	2.688618841731216797e+12
1.219500000000000000e+05	3.273466522414097168e+12
1.221000000000000000e+05	3.888555834981668457e+12
1.222500000000000000e+05	4.438185391055472656e+12
1.224000000000000000e+05	4.833268651972680664e+12
1.225500000000000000e+05	5.013456875061586914e+12
1.227000000000000000e+05	4.965061388491368164e+12
1.228500000000000000e+05	4.731227420103743164e+12
1.230000000000000000e+05	4.412367141051186523e+12
1.231500000000000000e+05	4.155480546891879883e+12
1.233000000000000000e+05	4.129215266329053711e+12
1.234500000000000000e+05	4.479571363535924805e+12
1.236000000000000000e+05	5.266595314409105469e+12
1.237500000000000000e+05	6.401370104464823242e+12
1.239000000000000000e+05	7.627459824089717773e+12
1.240500000000000000e+05	8.595099666395540039e+12
1.242000000000000000e+05	9.033683705866810547e+12
1.243500000000000000e+05	8.943465780110074219e+12
1.245000000000000000e+05	8.651287172288830078e+12
1.246500000000000000e+05	8.596379617447559570e+12
1.248000000000000000e+05	8.918020675808330078e+12
1.249500000000000000e+05	9.226765350299693359e+12
1.251000000000000000e+05	8.910637900494179688e+12
1.252500000000000000e+05	7.694891402603037109e+12
1.254000000000000000e+05	5.839604249276898438e+12
1.255500000000000000e+05	3.948645215671312988e+12
1.257000000000000000e+05	2.627431294560903320e+12
1.258500000000000000e+05	2.105556427607685303e+12
1.260000000000000000e+05	2.182101278111766113e+12
1.261500000000000000e+05	2.526555963161837402e+12
1.263000000000000000e+05	2.920822762987062012e+12
1.264500000000000000e+05	3.255445098335592285e+12
1.266000000000000000e+05	3.471866696325735840e+12
1.267500000000000000e+05	3.540829179727272949e+12
1.269000000000000000e+05	3.463156372949384766e+12
1.270500000000000000e+05	3.272000923968329102e+12
1.272000000000000000e+05	3.029339068482025879e+12
1.273500000000000000e+05	2.815729596847624512e+12
1.275000000000000000e+05	2.714789792331151855e+12
1.276500000000000000e+05	2.794990288724893066e+12
1.278000000000000000e+05	3.091684139715836426e+12
1.279500000000000000e+05	3.592263576377765137e+12
1.281000000000000000e+05	4.228278219415527344e+12
1.282500000000000000e+05	4.880818961444867188e+12
1.284000000000000000e+05	5.407314255963654297e+12
1.285500000000000000e+05	5.692995368752547852e+12
1.287000000000000000e+05	5.713940708244402344e+12
1.288500000000000000e+05	5.577220814846128906e+12
1.290000000000000000e+05	5.497583126873795898e+12
1.291500000000000000e+05	5.695989409762224609e+12
1.293000000000000000e+05	6.256691911457069336e+12
1.294500000000000000e+05	7.030702666537989258e+12
1.296000000000000000e+05	7.691100051147797852e+12
1.297500000000000000e+05	7.965883516943339844e+12
1.299000000000000000e+05	7.855540242040742188e+12
1.300500000000000000e+05	7.512958692037942383e+12
1.302000000000000000e+05	6.899362379871304688e+12
1.303500000000000000e+05	5.837913735628886719e+12
1.305000000000000000e+05	4.491253200573606445e+12
1.306500000000000000e+05	3.354856738166609375e+12
1.308000000000000000e+05	2.704100170771475098e+12
1.309500000000000000e+05	2.409779627395727051e+12
1.311000000000000000e+05	2.239253282034796387e+12
1.312500000000000000e+05	2.075645774760471436e+12
1.314000000000000000e+05	1.917166943967788086e+12
1.315500000000000000e+05	1.799609500089218262e+12
1.317000000000000000e+05	1.766615735950385254e+12
1.318500000000000000e+05	1.850613219015789307e+12
1.320000000000000000e+05	2.063059945201937256e+12
1.321500000000000000e+05	2.389159666869524414e+12
1.323000000000000000e+05	2.787720370194563477e+12
1.324500000000000000e+05	3.196739786197614746e+12
1.326000000000000000e+05	3.544643380744235352e+12
1.327500000000000000e+05	3.766504124914481934e+12
1.329000000000000000e+05	3.823875461318644043e+12
1.330500000000000000e+05	3.725042931940105469e+12
1.332000000000000000e+05	3.538847114803795898e+12
1.333500000000000000e+05	3.391181733992866699e+12
1.335000000000000000e+05	3.433290890987167480e+12
1.336500000000000000e+05	3.781143208106742676e+12
1.338000000000000000e+05	4.445837907935067383e+12
1.339500000000000000e+05	5.295376791473693359e+12
1.341000000000000000e+05	6.089166232469819336e+12
1.342500000000000000e+05	6.594372461618813477e+12
1.344000000000000000e+05	6.732993758357667969e+12
1.345500000000000000e+05	6.651530026452876953e+12
1.347000000000000000e+05	6.612519994029483398e+12
1.348500000000000000e+05	6.740394420790070312e+12
1.350000000000000000e+05	6.850884074537365234e+12
1.351500000000000000e+05	6.585424892035482422e+12
1.353000000000000000e+05	5.734727159282338867e+12
1.354500000000000000e+05	4.429936809316119141e+12
1.356000000000000000e+05	3.060515682924092773e+12
1.357500000000000000e+05	2.023718980691321777e+12
1.359000000000000000e+05	1.492019535425197754e+12
1.360500000000000000e+05	1.377014154306177246e+12
1.362000000000000000e+05	1.504771569236634033e+12
1.363500000000000000e+05	1.746848616760241211e+12
1.365000000000000000e+05	2.030862890364601562e+12
1.366500000000000000e+05	2.307434261149609375e+12
1.368000000000000000e+05	2.533767384338433594e+12
1.369500000000000000e+05	2.675490204583095215e+12
1.371000000000000000e+05	2.714207251190806641e+12
1.372500000000000000e+05	2.654042968801811035e+12
1.374000000000000000e+05	2.524784615256197754e+12
1.375500000000000000e+05	2.379916397427892090e+12
1.377000000000000000e+05	2.288530274357147949e+12
1.378500000000000000e+05	2.320084066156147461e+12
1.380000000000000000e+05	2.523203841233183594e+12
1.381500000000000000e+05	2.903344890009292480e+12
1.383000000000000000e+05	3.408765113557778320e+12
1.384500000000000000e+05	3.936404757311433105e+12
1.386000000000000000e+05	4.364235829163948242e+12
1.387500000000000000e+05	4.603398120014984375e+12
1.389000000000000000e+05	4.647515312743515625e+12
1.390500000000000000e+05	4.588461505343433594e+12
1.392000000000000000e+05	4.575832763601169922e+12
1.393500000000000000e+05	4.725384366406781250e+12
1.395000000000000000e+05	5.026111647018239258e+12
1.396500000000000000e+05	5.328626963229593750e+12
1.398000000000000000e+05	5.455333085855456055e+12
1.399500000000000000e+05	5.334313363764463867e+12
1.401000000000000000e+05	4.990069289516051758e+12
1.402500000000000000e+05	4.429772283713141602e+12
1.404000000000000000e+05	3.668025333645087402e+12
1.405500000000000000e+05	2.865675232526419434e+12
1.407000000000000000e+05	2.270573674132194336e+12
1.408500000000000000e+05	1.987328483860669189e+12
1.410000000000000000e+05	1.923592757601934326e+12
1.411500000000000000e+05	1.929782287596979736e+12
1.413000000000000000e+05	1.912484832796478271e+12
1.414500000000000000e+05	1.849344281220791016e+12
1.416000000000000000e+05	1.751543079451468506e+12
1.417500000000000000e+05	1.649210430084871582e+12
1.419000000000000000e+05	1.579114152402460693e+12
1.420500000000000000e+05	1.576217872225829102e+12
1.422000000000000000e+05	1.665124171397685791e+12
1.423500000000000000e+05	1.852076911519354248e+12
1.425000000000000000e+05	2.119404559970929688e+12
1.426500000000000000e+05	2.424931156308655273e+12
1.428000000000000000e+05	2.708930692832117188e+12
1.429500000000000000e+05	2.910040774907394531e+12
1.431000000000000000e+05	2.988219675918967285e+12
1.432500000000000000e+05	2.947625721292964844e+12
1.434000000000000000e+05	2.847582591578011230e+12
1.435500000000000000e+05	2.789922917130083008e+12
1.437000000000000000e+05	2.879546814256590332e+12
1.438500000000000000e+05	3.170707564176203125e+12
1.440000000000000000e+05	3.626497381181986328e+12
1.441500000000000000e+05	4.122313224309279785e+12
1.443000000000000000e+05	4.506981668818206055e+12
1.444500000000000000e+05	4.697422768235022461e+12
1.446000000000000000e+05	4.740257526969091797e+12
1.447500000000000000e+05	4.769125582690127930e+12
1.449000000000000000e+05	4.863717465012482422e+12
1.450500000000000000e+05	4.936748106030745117e+12
1.452000000000000000e+05	4.783944836836012695e+12
1.453500000000000000e+05	4.264705135856009277e+12
1.455000000000000000e+05	3.437425009853383301e+12
1.456500000000000000e+05	2.531968415273620117e+12
1.458000000000000000e+05	1.790604424701490967e+12
1.459500000000000000e+05	1.330994699195149658e+12
1.461000000000000000e+05	1.122939094022566406e+12
1.462500000000000000e+05	1.082630684528847046e+12
1.464000000000000000e+05	1.146017391112952393e+12
1.465500000000000000e+05	1.279258597959397705e+12
1.467000000000000000e+05	1.459353392926509277e+12
1.468500000000000000e+05	1.659982003476116455e+12
1.470000000000000000e+05	1.849141784670865723e+12
1.471500000000000000e+05	1.993961327684000488e+12
1.473000000000000000e+05	2.068842561152500732e+12
1.474500000000000000e+05	2.064461703078080566e+12
1.476000000000000000e+05	1.994933463954885742e+12
1.477500000000000000e+05	1.899784787108760254e+12
1.479000000000000000e+05	1.837543173549846924e+12
1.480500000000000000e+05	1.869760432731199707e+12
1.482000000000000000e+05	2.038412004095086670e+12
1.483500000000000000e+05	2.344616233995672852e+12
1.485000000000000000e+05	2.739567811138880371e+12
1.486500000000000000e+05	3.136463103737317871e+12
1.488000000000000000e+05	3.443913254138395508e+12
1.489500000000000000e+05	3.609205851049593262e+12
1.491000000000000000e+05	3.648869668883804199e+12
1.492500000000000000e+05	3.642187411076399414e+12
1.494000000000000000e+05	3.679366398069591797e+12
1.495500000000000000e+05	3.791014743281728027e+12
1.497000000000000000e+05	3.916022754702865723e+12
1.498500000000000000e+05	3.944871535625861816e+12
1.500000000000000000e+05	3.797790666700968262e+12
