#C >>>>>>>>>>>>>>>>>>>>>>>>>>>>>>>>>>>>>>>>>>>>>>>>>>>>>>>>>>>>
#C [SECTION REPORT PULSE HEIGHT SPECTRUM]
#C 
#C For plotting purposes, two energies per bin are given,
#C namely, the low end and the middle point of each bin
#C 
#S 1 Data sets for histograms
#N 12
#L  Elow [eV]  Emiddle [eV]  Source [1/eV]  2sigmaSource  Si [1/eV]  2sigmaSi  Up [1/eV]  2sigmaUp  Down [1/eV]  2sigmaDown  Cu [1/eV]  2sigmaCu  
  1.00000E+00  7.50995E+02  0.00000E+00  0.0E+00  8.30006E-06  1.0E-06  0.00000E+00  0.0E+00  0.00000E+00  0.0E+00  1.23334E-06  4.1E-07
  1.50099E+03  2.25099E+03  0.00000E+00  0.0E+00  8.70006E-06  1.1E-06  0.00000E+00  0.0E+00  3.33336E-08  6.7E-08  3.20002E-06  6.5E-07
  3.00098E+03  3.75097E+03  5.03337E-06  8.2E-07  1.11001E-05  1.2E-06  0.00000E+00  0.0E+00  0.00000E+00  0.0E+00  1.36668E-06  4.3E-07
  4.50097E+03  5.25097E+03  2.66668E-07  1.9E-07  7.53338E-06  1.0E-06  0.00000E+00  0.0E+00  0.00000E+00  0.0E+00  1.13334E-06  3.9E-07
  6.00096E+03  6.75095E+03  1.08134E-04  3.5E-06  1.08701E-04  3.5E-06  3.33336E-08  6.7E-08  3.33336E-08  6.7E-08  1.00001E-06  3.6E-07
  7.50095E+03  8.25094E+03  2.16001E-05  1.7E-06  2.54002E-05  1.8E-06  3.33336E-08  6.7E-08  6.66671E-08  9.4E-08  9.33340E-07  3.5E-07
  9.00094E+03  9.75094E+03  1.33334E-07  1.3E-07  3.73336E-06  7.0E-07  0.00000E+00  0.0E+00  0.00000E+00  0.0E+00  6.00004E-07  2.8E-07
  1.05009E+04  1.12509E+04  3.00002E-07  2.0E-07  3.30002E-06  6.6E-07  0.00000E+00  0.0E+00  0.00000E+00  0.0E+00  3.00002E-07  2.0E-07
  1.20009E+04  1.27509E+04  5.28004E-05  2.5E-06  5.37337E-05  2.6E-06  0.00000E+00  0.0E+00  0.00000E+00  0.0E+00  8.33339E-07  3.3E-07
  1.35009E+04  1.42509E+04  4.16669E-05  2.3E-06  4.23669E-05  2.3E-06  0.00000E+00  0.0E+00  0.00000E+00  0.0E+00  5.33337E-07  2.7E-07
  1.50009E+04  1.57509E+04  5.03337E-06  8.2E-07  6.86671E-06  9.5E-07  0.00000E+00  0.0E+00  0.00000E+00  0.0E+00  3.33336E-07  2.1E-07
  1.65009E+04  1.72509E+04  3.34002E-05  2.1E-06  3.36002E-05  2.1E-06  0.00000E+00  0.0E+00  3.33336E-08  6.7E-08  4.66670E-07  2.5E-07
  1.80009E+04  1.87509E+04  1.33334E-07  1.3E-07  1.50001E-06  4.5E-07  0.00000E+00  0.0E+00  0.00000E+00  0.0E+00  2.66668E-07  1.9E-07
  1.95009E+04  2.02509E+04  1.51668E-05  1.4E-06  1.60001E-05  1.4E-06  0.00000E+00  0.0E+00  3.33336E-08  6.7E-08  1.06667E-06  3.8E-07
  2.10009E+04  2.17509E+04  5.60670E-05  2.6E-06  5.49670E-05  2.6E-06  0.00000E+00  0.0E+00  3.33336E-08  6.7E-08  1.00001E-06  3.6E-07
  2.25008E+04  2.32508E+04  1.33334E-07  1.3E-07  8.66672E-07  3.4E-07  0.00000E+00  0.0E+00  0.00000E+00  0.0E+00  2.33335E-07  1.8E-07
  2.40008E+04  2.47508E+04  2.27002E-05  1.7E-06  2.24335E-05  1.7E-06  0.00000E+00  0.0E+00  0.00000E+00  0.0E+00  1.36668E-06  4.3E-07
  2.55008E+04  2.62508E+04  5.56670E-06  8.6E-07  6.40004E-06  9.2E-07  0.00000E+00  0.0E+00  0.00000E+00  0.0E+00  1.03334E-06  3.7E-07
  2.70008E+04  2.77508E+04  4.13669E-05  2.3E-06  3.97336E-05  2.2E-06  0.00000E+00  0.0E+00  0.00000E+00  0.0E+00  1.40001E-06  4.3E-07
  2.85008E+04  2.92508E+04  2.02335E-05  1.6E-06  1.95668E-05  1.6E-06  3.33336E-08  6.7E-08  0.00000E+00  0.0E+00  6.33338E-07  2.9E-07
  3.00008E+04  3.07508E+04  3.00002E-07  2.0E-07  9.33340E-07  3.5E-07  0.00000E+00  0.0E+00  0.00000E+00  0.0E+00  9.33340E-07  3.5E-07
  3.15008E+04  3.22508E+04  2.60002E-06  5.9E-07  2.73335E-06  6.0E-07  0.00000E+00  0.0E+00  0.00000E+00  0.0E+00  9.66673E-07  3.6E-07
  3.30008E+04  3.37508E+04  2.28002E-05  1.7E-06  2.07335E-05  1.6E-06  0.00000E+00  0.0E+00  0.00000E+00  0.0E+00  2.40002E-06  5.6E-07
  3.45008E+04  3.52508E+04  1.66668E-05  1.5E-06  1.51668E-05  1.4E-06  0.00000E+00  0.0E+00  0.00000E+00  0.0E+00  1.10001E-06  3.8E-07
  3.60008E+04  3.67508E+04  3.46669E-06  6.8E-07  3.56669E-06  6.9E-07  0.00000E+00  0.0E+00  3.33336E-08  6.7E-08  1.13334E-06  3.9E-07
  3.75008E+04  3.82507E+04  1.27001E-05  1.3E-06  1.16334E-05  1.2E-06  0.00000E+00  0.0E+00  3.33336E-08  6.7E-08  1.03334E-06  3.7E-07
  3.90007E+04  3.97507E+04  4.33336E-07  2.4E-07  5.66670E-07  2.7E-07  3.33336E-08  6.7E-08  1.00001E-07  1.2E-07  1.40001E-06  4.3E-07
  4.05007E+04  4.12507E+04  1.28001E-05  1.3E-06  1.09334E-05  1.2E-06  0.00000E+00  0.0E+00  3.33336E-08  6.7E-08  2.23335E-06  5.4E-07
  4.20007E+04  4.27507E+04  1.90335E-05  1.6E-06  1.62668E-05  1.5E-06  0.00000E+00  0.0E+00  2.33335E-07  1.8E-07  1.76668E-06  4.8E-07
  4.35007E+04  4.42507E+04  6.33338E-07  2.9E-07  7.33338E-07  3.1E-07  6.66671E-08  9.4E-08  3.33336E-08  6.7E-08  1.26668E-06  4.1E-07
  4.50007E+04  4.57507E+04  6.20004E-06  9.0E-07  5.43337E-06  8.5E-07  3.33336E-08  6.7E-08  1.33334E-07  1.3E-07  1.66668E-06  4.7E-07
  4.65007E+04  4.72507E+04  8.96673E-06  1.1E-06  7.53338E-06  1.0E-06  1.00001E-07  1.2E-07  2.33335E-07  1.8E-07  1.60001E-06  4.6E-07
  4.80007E+04  4.87507E+04  1.04667E-05  1.2E-06  8.66672E-06  1.1E-06  2.00001E-07  1.6E-07  3.66669E-07  2.2E-07  1.46668E-06  4.4E-07
  4.95007E+04  5.02507E+04  1.09001E-05  1.2E-06  8.40006E-06  1.1E-06  2.33335E-07  1.8E-07  4.00003E-07  2.3E-07  1.13334E-06  3.9E-07
  5.10007E+04  5.17507E+04  2.03335E-06  5.2E-07  1.70001E-06  4.8E-07  3.00002E-07  2.0E-07  2.33335E-07  1.8E-07  1.16667E-06  3.9E-07
  5.25007E+04  5.32506E+04  2.70002E-06  6.0E-07  2.20001E-06  5.4E-07  2.33335E-07  1.8E-07  2.66668E-07  1.9E-07  1.40001E-06  4.3E-07
  5.40006E+04  5.47506E+04  8.30006E-06  1.0E-06  5.90004E-06  8.8E-07  3.00002E-07  2.0E-07  5.33337E-07  2.7E-07  1.20001E-06  4.0E-07
  5.55006E+04  5.62506E+04  9.33340E-06  1.1E-06  6.90005E-06  9.5E-07  2.00001E-07  1.6E-07  5.33337E-07  2.7E-07  9.00006E-07  3.5E-07
  5.70006E+04  5.77506E+04  1.53334E-06  4.5E-07  1.10001E-06  3.8E-07  5.00003E-07  2.6E-07  2.66668E-07  1.9E-07  9.33340E-07  3.5E-07
  5.85006E+04  5.92506E+04  5.50004E-06  8.5E-07  3.73336E-06  7.0E-07  2.66668E-07  1.9E-07  5.66670E-07  2.7E-07  1.06667E-06  3.8E-07
  6.00006E+04  6.07506E+04  4.33336E-07  2.4E-07  2.66668E-07  1.9E-07  2.66668E-07  1.9E-07  3.00002E-07  2.0E-07  7.66672E-07  3.2E-07
  6.15006E+04  6.22506E+04  6.63338E-06  9.4E-07  4.46670E-06  7.7E-07  4.33336E-07  2.4E-07  1.00001E-06  3.6E-07  9.00006E-07  3.5E-07
  6.30006E+04  6.37506E+04  7.16671E-06  9.7E-07  4.60003E-06  7.8E-07  4.33336E-07  2.4E-07  6.33338E-07  2.9E-07  8.33339E-07  3.3E-07
  6.45006E+04  6.52506E+04  4.00003E-07  2.3E-07  3.66669E-07  2.2E-07  4.33336E-07  2.4E-07  4.33336E-07  2.4E-07  6.00004E-07  2.8E-07
  6.60006E+04  6.67506E+04  2.56668E-06  5.8E-07  1.40001E-06  4.3E-07  6.00004E-07  2.8E-07  4.33336E-07  2.4E-07  4.66670E-07  2.5E-07
  6.75006E+04  6.82505E+04  5.00003E-06  8.1E-07  2.40002E-06  5.6E-07  5.00003E-07  2.6E-07  8.66672E-07  3.4E-07  4.66670E-07  2.5E-07
  6.90005E+04  6.97505E+04  2.10001E-06  5.3E-07  1.20001E-06  4.0E-07  1.66668E-07  1.5E-07  4.00003E-07  2.3E-07  5.66670E-07  2.7E-07
  7.05005E+04  7.12505E+04  4.93337E-06  8.1E-07  2.26668E-06  5.5E-07  1.33334E-07  1.3E-07  8.66672E-07  3.4E-07  6.00004E-07  2.8E-07
  7.20005E+04  7.27505E+04  1.63334E-06  4.7E-07  8.00005E-07  3.3E-07  3.33336E-07  2.1E-07  5.33337E-07  2.7E-07  3.66669E-07  2.2E-07
  7.35005E+04  7.42505E+04  1.90001E-06  5.0E-07  1.33334E-06  4.2E-07  3.33336E-07  2.1E-07  4.00003E-07  2.3E-07  4.33336E-07  2.4E-07
  7.50005E+04  7.57505E+04  3.06669E-06  6.4E-07  1.23334E-06  4.1E-07  5.00003E-07  2.6E-07  6.00004E-07  2.8E-07  2.00001E-07  1.6E-07
  7.65005E+04  7.72505E+04  4.13336E-06  7.4E-07  1.76668E-06  4.8E-07  3.33336E-07  2.1E-07  7.33338E-07  3.1E-07  3.00002E-07  2.0E-07
  7.80005E+04  7.87505E+04  1.80001E-06  4.9E-07  8.33339E-07  3.3E-07  4.33336E-07  2.4E-07  5.00003E-07  2.6E-07  3.00002E-07  2.0E-07
  7.95005E+04  8.02505E+04  2.63335E-06  5.9E-07  1.10001E-06  3.8E-07  3.33336E-07  2.1E-07  6.33338E-07  2.9E-07  1.66668E-07  1.5E-07
  8.10005E+04  8.17505E+04  9.66673E-07  3.6E-07  6.33338E-07  2.9E-07  3.00002E-07  2.0E-07  2.33335E-07  1.8E-07  1.66668E-07  1.5E-07
  8.25004E+04  8.32504E+04  2.43335E-06  5.7E-07  1.20001E-06  4.0E-07  3.33336E-07  2.1E-07  5.33337E-07  2.7E-07  4.33336E-07  2.4E-07
  8.40004E+04  8.47504E+04  3.76669E-06  7.1E-07  1.23334E-06  4.1E-07  3.66669E-07  2.2E-07  8.00005E-07  3.3E-07  2.00001E-07  1.6E-07
  8.55004E+04  8.62504E+04  5.33337E-07  2.7E-07  1.66668E-07  1.5E-07  2.66668E-07  1.9E-07  3.33336E-07  2.1E-07  2.00001E-07  1.6E-07
  8.70004E+04  8.77504E+04  9.66673E-07  3.6E-07  3.00002E-07  2.0E-07  3.00002E-07  2.0E-07  4.33336E-07  2.4E-07  3.00002E-07  2.0E-07
  8.85004E+04  8.92504E+04  2.20001E-06  5.4E-07  8.33339E-07  3.3E-07  2.66668E-07  1.9E-07  5.33337E-07  2.7E-07  1.66668E-07  1.5E-07
  9.00004E+04  9.07504E+04  1.10001E-06  3.8E-07  4.00003E-07  2.3E-07  1.33334E-07  1.3E-07  1.00001E-07  1.2E-07  2.00001E-07  1.6E-07
  9.15004E+04  9.22504E+04  2.13335E-06  5.3E-07  8.33339E-07  3.3E-07  1.33334E-07  1.3E-07  5.33337E-07  2.7E-07  1.33334E-07  1.3E-07
  9.30004E+04  9.37504E+04  1.36668E-06  4.3E-07  4.66670E-07  2.5E-07  3.00002E-07  2.0E-07  3.66669E-07  2.2E-07  1.66668E-07  1.5E-07
  9.45004E+04  9.52504E+04  6.33338E-07  2.9E-07  3.00002E-07  2.0E-07  1.66668E-07  1.5E-07  1.66668E-07  1.5E-07  3.33336E-08  6.7E-08
  9.60004E+04  9.67504E+04  1.03334E-06  3.7E-07  4.33336E-07  2.4E-07  2.33335E-07  1.8E-07  3.00002E-07  2.0E-07  6.66671E-08  9.4E-08
  9.75004E+04  9.82503E+04  1.30001E-06  4.2E-07  3.00002E-07  2.0E-07  1.66668E-07  1.5E-07  4.00003E-07  2.3E-07  1.33334E-07  1.3E-07
  9.90003E+04  9.97503E+04  8.33339E-07  3.3E-07  3.33336E-07  2.1E-07  1.00001E-07  1.2E-07  2.66668E-07  1.9E-07  1.66668E-07  1.5E-07
  1.00500E+05  1.01250E+05  1.06667E-06  3.8E-07  2.00001E-07  1.6E-07  1.00001E-07  1.2E-07  2.00001E-07  1.6E-07  3.33336E-08  6.7E-08
  1.02000E+05  1.02750E+05  8.00005E-07  3.3E-07  2.00001E-07  1.6E-07  1.00001E-07  1.2E-07  2.33335E-07  1.8E-07  3.33336E-08  6.7E-08
  1.03500E+05  1.04250E+05  8.33339E-07  3.3E-07  2.00001E-07  1.6E-07  1.00001E-07  1.2E-07  2.66668E-07  1.9E-07  3.33336E-08  6.7E-08
  1.05000E+05  1.05750E+05  1.43334E-06  4.4E-07  4.00003E-07  2.3E-07  1.33334E-07  1.3E-07  3.00002E-07  2.0E-07  6.66671E-08  9.4E-08
  1.06500E+05  1.07250E+05  5.33337E-07  2.7E-07  1.00001E-07  1.2E-07  1.00001E-07  1.2E-07  3.00002E-07  2.0E-07  1.00001E-07  1.2E-07
  1.08000E+05  1.08750E+05  4.66670E-07  2.5E-07  3.33336E-08  6.7E-08  3.33336E-08  6.7E-08  2.33335E-07  1.8E-07  3.33336E-08  6.7E-08
  1.09500E+05  1.10250E+05  9.66673E-07  3.6E-07  2.66668E-07  1.9E-07  1.33334E-07  1.3E-07  1.33334E-07  1.3E-07  3.33336E-08  6.7E-08
  1.11000E+05  1.11750E+05  7.33338E-07  3.1E-07  2.33335E-07  1.8E-07  6.66671E-08  9.4E-08  2.33335E-07  1.8E-07  0.00000E+00  0.0E+00
  1.12500E+05  1.13250E+05  9.00006E-07  3.5E-07  3.33336E-08  6.7E-08  3.33336E-08  6.7E-08  2.00001E-07  1.6E-07  1.00001E-07  1.2E-07
  1.14000E+05  1.14750E+05  6.00004E-07  2.8E-07  6.66671E-08  9.4E-08  1.00001E-07  1.2E-07  3.66669E-07  2.2E-07  6.66671E-08  9.4E-08
  1.15500E+05  1.16250E+05  3.33336E-07  2.1E-07  6.66671E-08  9.4E-08  0.00000E+00  0.0E+00  3.33336E-08  6.7E-08  3.33336E-08  6.7E-08
  1.17000E+05  1.17750E+05  8.33339E-07  3.3E-07  2.00001E-07  1.6E-07  3.33336E-08  6.7E-08  3.00002E-07  2.0E-07  0.00000E+00  0.0E+00
  1.18500E+05  1.19250E+05  5.66670E-07  2.7E-07  1.00001E-07  1.2E-07  0.00000E+00  0.0E+00  3.00002E-07  2.0E-07  0.00000E+00  0.0E+00
  1.20000E+05  1.20750E+05  4.00003E-07  2.3E-07  1.00001E-07  1.2E-07  3.33336E-08  6.7E-08  2.00001E-07  1.6E-07  0.00000E+00  0.0E+00
  1.21500E+05  1.22250E+05  5.33337E-07  2.7E-07  6.66671E-08  9.4E-08  6.66671E-08  9.4E-08  2.00001E-07  1.6E-07  3.33336E-08  6.7E-08
  1.23000E+05  1.23750E+05  5.00003E-07  2.6E-07  6.66671E-08  9.4E-08  1.66668E-07  1.5E-07  6.66671E-08  9.4E-08  0.00000E+00  0.0E+00
  1.24500E+05  1.25250E+05  1.00001E-07  1.2E-07  3.33336E-08  6.7E-08  6.66671E-08  9.4E-08  3.33336E-08  6.7E-08  0.00000E+00  0.0E+00
  1.26000E+05  1.26750E+05  4.66670E-07  2.5E-07  3.33336E-08  6.7E-08  3.33336E-08  6.7E-08  1.00001E-07  1.2E-07  0.00000E+00  0.0E+00
  1.27500E+05  1.28250E+05  6.33338E-07  2.9E-07  1.66668E-07  1.5E-07  0.00000E+00  0.0E+00  1.33334E-07  1.3E-07  3.33336E-08  6.7E-08
  1.29000E+05  1.29750E+05  1.33334E-07  1.3E-07  0.00000E+00  0.0E+00  0.00000E+00  0.0E+00  3.33336E-08  6.7E-08  0.00000E+00  0.0E+00
  1.30500E+05  1.31250E+05  3.33336E-07  2.1E-07  3.33336E-08  6.7E-08  3.33336E-08  6.7E-08  3.33336E-08  6.7E-08  0.00000E+00  0.0E+00
  1.32000E+05  1.32750E+05  2.66668E-07  1.9E-07  6.66671E-08  9.4E-08  0.00000E+00  0.0E+00  0.00000E+00  0.0E+00  0.00000E+00  0.0E+00
  1.33500E+05  1.34250E+05  2.00001E-07  1.6E-07  0.00000E+00  0.0E+00  0.00000E+00  0.0E+00  3.33336E-08  6.7E-08  0.00000E+00  0.0E+00
  1.35000E+05  1.35750E+05  3.66669E-07  2.2E-07  3.33336E-08  6.7E-08  3.33336E-08  6.7E-08  1.33334E-07  1.3E-07  0.00000E+00  0.0E+00
  1.36500E+05  1.37250E+05  2.33335E-07  1.8E-07  0.00000E+00  0.0E+00  0.00000E+00  0.0E+00  3.33336E-08  6.7E-08  0.00000E+00  0.0E+00
  1.38000E+05  1.38750E+05  2.00001E-07  1.6E-07  0.00000E+00  0.0E+00  0.00000E+00  0.0E+00  6.66671E-08  9.4E-08  0.00000E+00  0.0E+00
  1.39500E+05  1.40250E+05  2.33335E-07  1.8E-07  0.00000E+00  0.0E+00  0.00000E+00  0.0E+00  6.66671E-08  9.4E-08  0.00000E+00  0.0E+00
  1.41000E+05  1.41750E+05  3.66669E-07  2.2E-07  3.33336E-08  6.7E-08  0.00000E+00  0.0E+00  1.66668E-07  1.5E-07  0.00000E+00  0.0E+00
  1.42500E+05  1.43250E+05  1.66668E-07  1.5E-07  0.00000E+00  0.0E+00  0.00000E+00  0.0E+00  3.33336E-08  6.7E-08  0.00000E+00  0.0E+00
  1.44000E+05  1.44750E+05  2.33335E-07  1.8E-07  0.00000E+00  0.0E+00  0.00000E+00  0.0E+00  1.00001E-07  1.2E-07  0.00000E+00  0.0E+00
  1.45500E+05  1.46250E+05  3.33336E-08  6.7E-08  0.00000E+00  0.0E+00  3.33336E-08  6.7E-08  0.00000E+00  0.0E+00  0.00000E+00  0.0E+00
  1.47000E+05  1.47750E+05  1.66668E-07  1.5E-07  0.00000E+00  0.0E+00  3.33336E-08  6.7E-08  0.00000E+00  0.0E+00  0.00000E+00  0.0E+00
  1.48500E+05  1.49250E+05  2.66668E-07  1.9E-07  3.33336E-08  6.7E-08  0.00000E+00  0.0E+00  6.66671E-08  9.4E-08  0.00000E+00  0.0E+00
  1.50000E+05  1.50750E+05  0.00000E+00  0.0E+00  0.00000E+00  0.0E+00  0.00000E+00  0.0E+00  0.00000E+00  0.0E+00  0.00000E+00  0.0E+00
#C 
#C Performance report
#C CPU time [t] (s):
#C 2.24091E+01
#C Speed (histories/s):
#C 8.92495E+02
#C 
#C Have a nice day.
