-5.500000000000000444e-01 3.976759999999999740e-01
-5.490000000000000435e-01 3.976750000000000007e-01
-5.480000000000000426e-01 3.976750000000000007e-01
-5.470000000000000417e-01 3.976750000000000007e-01
-5.460000000000000409e-01 3.976750000000000007e-01
-5.450000000000000400e-01 3.976750000000000007e-01
-5.440000000000000391e-01 3.976750000000000007e-01
-5.430000000000000382e-01 3.976750000000000007e-01
-5.420000000000000373e-01 3.976750000000000007e-01
-5.410000000000000364e-01 3.976750000000000007e-01
-5.400000000000000355e-01 3.976750000000000007e-01
-5.390000000000000346e-01 3.976750000000000007e-01
-5.380000000000000338e-01 3.976750000000000007e-01
-5.370000000000000329e-01 3.976750000000000007e-01
-5.360000000000000320e-01 3.976750000000000007e-01
-5.350000000000000311e-01 3.976750000000000007e-01
-5.340000000000000302e-01 3.976750000000000007e-01
-5.330000000000000293e-01 3.976750000000000007e-01
-5.320000000000000284e-01 3.976750000000000007e-01
-5.310000000000000275e-01 3.976750000000000007e-01
-5.300000000000000266e-01 3.976750000000000007e-01
-5.290000000000000258e-01 3.976750000000000007e-01
-5.280000000000000249e-01 3.976750000000000007e-01
-5.270000000000000240e-01 3.976750000000000007e-01
-5.260000000000000231e-01 3.976750000000000007e-01
-5.250000000000000222e-01 3.976750000000000007e-01
-5.240000000000000213e-01 3.976740000000000275e-01
-5.230000000000000204e-01 3.976740000000000275e-01
-5.220000000000000195e-01 3.976740000000000275e-01
-5.210000000000000187e-01 3.976740000000000275e-01
-5.200000000000000178e-01 3.976740000000000275e-01
-5.190000000000000169e-01 3.976740000000000275e-01
-5.180000000000000160e-01 3.976740000000000275e-01
-5.170000000000000151e-01 3.976740000000000275e-01
-5.160000000000000142e-01 3.976740000000000275e-01
-5.150000000000000133e-01 3.976740000000000275e-01
-5.140000000000000124e-01 3.976740000000000275e-01
-5.130000000000000115e-01 3.976740000000000275e-01
-5.120000000000000107e-01 3.976740000000000275e-01
-5.110000000000000098e-01 3.976740000000000275e-01
-5.100000000000000089e-01 3.976740000000000275e-01
-5.090000000000000080e-01 3.976740000000000275e-01
-5.080000000000000071e-01 3.976740000000000275e-01
-5.070000000000000062e-01 3.976740000000000275e-01
-5.060000000000000053e-01 3.976740000000000275e-01
-5.050000000000000044e-01 3.976740000000000275e-01
-5.040000000000000036e-01 3.976740000000000275e-01
-5.030000000000000027e-01 3.976729999999999987e-01
-5.020000000000000018e-01 3.976729999999999987e-01
-5.010000000000000009e-01 3.976729999999999987e-01
-5.000000000000000000e-01 3.976729999999999987e-01
-4.989999999999999991e-01 3.976729999999999987e-01
-4.979999999999999982e-01 3.976729999999999987e-01
-4.969999999999999973e-01 3.976729999999999987e-01
-4.959999999999999964e-01 3.976729999999999987e-01
-4.949999999999999956e-01 3.976729999999999987e-01
-4.939999999999999947e-01 3.976729999999999987e-01
-4.929999999999999938e-01 3.976729999999999987e-01
-4.919999999999999929e-01 3.976729999999999987e-01
-4.909999999999999920e-01 3.976729999999999987e-01
-4.899999999999999911e-01 3.976729999999999987e-01
-4.889999999999999902e-01 3.976729999999999987e-01
-4.879999999999999893e-01 3.976729999999999987e-01
-4.869999999999999885e-01 3.976729999999999987e-01
-4.859999999999999876e-01 3.976720000000000255e-01
-4.849999999999999867e-01 3.976720000000000255e-01
-4.839999999999999858e-01 3.976720000000000255e-01
-4.829999999999999849e-01 3.976720000000000255e-01
-4.819999999999999840e-01 3.976720000000000255e-01
-4.809999999999999831e-01 3.976720000000000255e-01
-4.799999999999999822e-01 3.976720000000000255e-01
-4.789999999999999813e-01 3.976720000000000255e-01
-4.779999999999999805e-01 3.976720000000000255e-01
-4.769999999999999796e-01 3.976720000000000255e-01
-4.759999999999999787e-01 3.976720000000000255e-01
-4.749999999999999778e-01 3.976720000000000255e-01
-4.739999999999999769e-01 3.976720000000000255e-01
-4.729999999999999760e-01 3.976720000000000255e-01
-4.719999999999999751e-01 3.976709999999999967e-01
-4.709999999999999742e-01 3.976709999999999967e-01
-4.699999999999999734e-01 3.976709999999999967e-01
-4.689999999999999725e-01 3.976709999999999967e-01
-4.680000000000000271e-01 3.976709999999999967e-01
-4.670000000000000262e-01 3.976709999999999967e-01
-4.660000000000000253e-01 3.976709999999999967e-01
-4.650000000000000244e-01 3.976709999999999967e-01
-4.640000000000000235e-01 3.976709999999999967e-01
-4.630000000000000226e-01 3.976709999999999967e-01
-4.620000000000000218e-01 3.976709999999999967e-01
-4.610000000000000209e-01 3.976709999999999967e-01
-4.600000000000000200e-01 3.976709999999999967e-01
-4.590000000000000191e-01 3.976700000000000235e-01
-4.580000000000000182e-01 3.976700000000000235e-01
-4.570000000000000173e-01 3.976700000000000235e-01
-4.560000000000000164e-01 3.976700000000000235e-01
-4.550000000000000155e-01 3.976700000000000235e-01
-4.540000000000000147e-01 3.976700000000000235e-01
-4.530000000000000138e-01 3.976700000000000235e-01
-4.520000000000000129e-01 3.976700000000000235e-01
-4.510000000000000120e-01 3.976700000000000235e-01
-4.500000000000000111e-01 3.976700000000000235e-01
-4.490000000000000102e-01 3.976700000000000235e-01
-4.480000000000000093e-01 3.976689999999999947e-01
-4.470000000000000084e-01 3.976689999999999947e-01
-4.460000000000000075e-01 3.976689999999999947e-01
-4.450000000000000067e-01 3.976689999999999947e-01
-4.440000000000000058e-01 3.976689999999999947e-01
-4.430000000000000049e-01 3.976689999999999947e-01
-4.420000000000000040e-01 3.976689999999999947e-01
-4.410000000000000031e-01 3.976689999999999947e-01
-4.400000000000000022e-01 3.976689999999999947e-01
-4.390000000000000013e-01 3.976689999999999947e-01
-4.380000000000000004e-01 3.976680000000000215e-01
-4.369999999999999996e-01 3.976680000000000215e-01
-4.359999999999999987e-01 3.976680000000000215e-01
-4.349999999999999978e-01 3.976680000000000215e-01
-4.339999999999999969e-01 3.976680000000000215e-01
-4.329999999999999960e-01 3.976680000000000215e-01
-4.319999999999999951e-01 3.976680000000000215e-01
-4.309999999999999942e-01 3.976680000000000215e-01
-4.299999999999999933e-01 3.976680000000000215e-01
-4.289999999999999925e-01 3.976669999999999927e-01
-4.279999999999999916e-01 3.976669999999999927e-01
-4.269999999999999907e-01 3.976669999999999927e-01
-4.259999999999999898e-01 3.976669999999999927e-01
-4.249999999999999889e-01 3.976669999999999927e-01
-4.239999999999999880e-01 3.976669999999999927e-01
-4.229999999999999871e-01 3.976669999999999927e-01
-4.219999999999999862e-01 3.976669999999999927e-01
-4.209999999999999853e-01 3.976660000000000195e-01
-4.199999999999999845e-01 3.976660000000000195e-01
-4.189999999999999836e-01 3.976660000000000195e-01
-4.179999999999999827e-01 3.976660000000000195e-01
-4.169999999999999818e-01 3.976660000000000195e-01
-4.159999999999999809e-01 3.976660000000000195e-01
-4.149999999999999800e-01 3.976660000000000195e-01
-4.139999999999999791e-01 3.976660000000000195e-01
-4.129999999999999782e-01 3.976649999999999907e-01
-4.119999999999999774e-01 3.976649999999999907e-01
-4.109999999999999765e-01 3.976649999999999907e-01
-4.099999999999999756e-01 3.976649999999999907e-01
-4.089999999999999747e-01 3.976649999999999907e-01
-4.079999999999999738e-01 3.976649999999999907e-01
-4.069999999999999729e-01 3.976640000000000175e-01
-4.060000000000000275e-01 3.976640000000000175e-01
-4.050000000000000266e-01 3.976640000000000175e-01
-4.040000000000000258e-01 3.976640000000000175e-01
-4.030000000000000249e-01 3.976640000000000175e-01
-4.020000000000000240e-01 3.976640000000000175e-01
-4.010000000000000231e-01 3.976640000000000175e-01
-4.000000000000000222e-01 3.976629999999999887e-01
-3.990000000000000213e-01 3.976629999999999887e-01
-3.980000000000000204e-01 3.976629999999999887e-01
-3.970000000000000195e-01 3.976629999999999887e-01
-3.960000000000000187e-01 3.976629999999999887e-01
-3.950000000000000178e-01 3.976629999999999887e-01
-3.940000000000000169e-01 3.976620000000000155e-01
-3.930000000000000160e-01 3.976620000000000155e-01
-3.920000000000000151e-01 3.976620000000000155e-01
-3.910000000000000142e-01 3.976620000000000155e-01
-3.900000000000000133e-01 3.976620000000000155e-01
-3.890000000000000124e-01 3.976609999999999867e-01
-3.880000000000000115e-01 3.976609999999999867e-01
-3.870000000000000107e-01 3.976609999999999867e-01
-3.860000000000000098e-01 3.976609999999999867e-01
-3.850000000000000089e-01 3.976609999999999867e-01
-3.840000000000000080e-01 3.976600000000000135e-01
-3.830000000000000071e-01 3.976600000000000135e-01
-3.820000000000000062e-01 3.976600000000000135e-01
-3.810000000000000053e-01 3.976600000000000135e-01
-3.800000000000000044e-01 3.976600000000000135e-01
-3.790000000000000036e-01 3.976589999999999847e-01
-3.780000000000000027e-01 3.976589999999999847e-01
-3.770000000000000018e-01 3.976589999999999847e-01
-3.760000000000000009e-01 3.976589999999999847e-01
-3.750000000000000000e-01 3.976589999999999847e-01
-3.739999999999999991e-01 3.976580000000000115e-01
-3.729999999999999982e-01 3.976580000000000115e-01
-3.719999999999999973e-01 3.976580000000000115e-01
-3.709999999999999964e-01 3.976580000000000115e-01
-3.699999999999999956e-01 3.976569999999999827e-01
-3.689999999999999947e-01 3.976569999999999827e-01
-3.679999999999999938e-01 3.976569999999999827e-01
-3.669999999999999929e-01 3.976569999999999827e-01
-3.659999999999999920e-01 3.976560000000000095e-01
-3.649999999999999911e-01 3.976560000000000095e-01
-3.639999999999999902e-01 3.976560000000000095e-01
-3.629999999999999893e-01 3.976560000000000095e-01
-3.619999999999999885e-01 3.976549999999999807e-01
-3.609999999999999876e-01 3.976549999999999807e-01
-3.599999999999999867e-01 3.976549999999999807e-01
-3.589999999999999858e-01 3.976549999999999807e-01
-3.579999999999999849e-01 3.976540000000000075e-01
-3.569999999999999840e-01 3.976540000000000075e-01
-3.559999999999999831e-01 3.976540000000000075e-01
-3.549999999999999822e-01 3.976529999999999787e-01
-3.539999999999999813e-01 3.976529999999999787e-01
-3.529999999999999805e-01 3.976529999999999787e-01
-3.519999999999999796e-01 3.976529999999999787e-01
-3.509999999999999787e-01 3.976520000000000055e-01
-3.499999999999999778e-01 3.976520000000000055e-01
-3.489999999999999769e-01 3.976520000000000055e-01
-3.479999999999999760e-01 3.976509999999999767e-01
-3.469999999999999751e-01 3.976509999999999767e-01
-3.459999999999999742e-01 3.976509999999999767e-01
-3.449999999999999734e-01 3.976500000000000035e-01
-3.439999999999999725e-01 3.976500000000000035e-01
-3.430000000000000271e-01 3.976500000000000035e-01
-3.420000000000000262e-01 3.976489999999999747e-01
-3.410000000000000253e-01 3.976489999999999747e-01
-3.400000000000000244e-01 3.976489999999999747e-01
-3.390000000000000235e-01 3.976480000000000015e-01
-3.380000000000000226e-01 3.976480000000000015e-01
-3.370000000000000218e-01 3.976469999999999727e-01
-3.360000000000000209e-01 3.976469999999999727e-01
-3.350000000000000200e-01 3.976469999999999727e-01
-3.340000000000000191e-01 3.976459999999999995e-01
-3.330000000000000182e-01 3.976459999999999995e-01
-3.320000000000000173e-01 3.976459999999999995e-01
-3.310000000000000164e-01 3.976450000000000262e-01
-3.300000000000000155e-01 3.976450000000000262e-01
-3.290000000000000147e-01 3.976439999999999975e-01
-3.280000000000000138e-01 3.976439999999999975e-01
-3.270000000000000129e-01 3.976430000000000242e-01
-3.260000000000000120e-01 3.976430000000000242e-01
-3.250000000000000111e-01 3.976430000000000242e-01
-3.240000000000000102e-01 3.976419999999999955e-01
-3.230000000000000093e-01 3.976419999999999955e-01
-3.220000000000000084e-01 3.976410000000000222e-01
-3.210000000000000075e-01 3.976410000000000222e-01
-3.200000000000000067e-01 3.976399999999999935e-01
-3.190000000000000058e-01 3.976399999999999935e-01
-3.180000000000000049e-01 3.976390000000000202e-01
-3.170000000000000040e-01 3.976390000000000202e-01
-3.160000000000000031e-01 3.976379999999999915e-01
-3.150000000000000022e-01 3.976379999999999915e-01
-3.140000000000000013e-01 3.976370000000000182e-01
-3.130000000000000004e-01 3.976370000000000182e-01
-3.119999999999999996e-01 3.976359999999999895e-01
-3.109999999999999987e-01 3.976359999999999895e-01
-3.099999999999999978e-01 3.976350000000000162e-01
-3.089999999999999969e-01 3.976350000000000162e-01
-3.079999999999999960e-01 3.976339999999999875e-01
-3.069999999999999951e-01 3.976330000000000142e-01
-3.059999999999999942e-01 3.976330000000000142e-01
-3.049999999999999933e-01 3.976319999999999855e-01
-3.039999999999999925e-01 3.976319999999999855e-01
-3.029999999999999916e-01 3.976310000000000122e-01
-3.019999999999999907e-01 3.976299999999999835e-01
-3.009999999999999898e-01 3.976299999999999835e-01
-2.999999999999999889e-01 3.976290000000000102e-01
-2.989999999999999880e-01 3.976279999999999815e-01
-2.979999999999999871e-01 3.976279999999999815e-01
-2.969999999999999862e-01 3.976270000000000082e-01
-2.959999999999999853e-01 3.976259999999999795e-01
-2.949999999999999845e-01 3.976259999999999795e-01
-2.939999999999999836e-01 3.976250000000000062e-01
-2.929999999999999827e-01 3.976239999999999775e-01
-2.919999999999999818e-01 3.976239999999999775e-01
-2.909999999999999809e-01 3.976230000000000042e-01
-2.899999999999999800e-01 3.976219999999999755e-01
-2.889999999999999791e-01 3.976210000000000022e-01
-2.879999999999999782e-01 3.976210000000000022e-01
-2.869999999999999774e-01 3.976199999999999735e-01
-2.859999999999999765e-01 3.976190000000000002e-01
-2.849999999999999756e-01 3.976180000000000270e-01
-2.839999999999999747e-01 3.976169999999999982e-01
-2.829999999999999738e-01 3.976169999999999982e-01
-2.819999999999999729e-01 3.976160000000000250e-01
-2.810000000000000275e-01 3.976149999999999962e-01
-2.800000000000000266e-01 3.976140000000000230e-01
-2.790000000000000258e-01 3.975350000000000272e-01
-2.780000000000000249e-01 3.974300000000000055e-01
-2.770000000000000240e-01 3.973260000000000125e-01
-2.760000000000000231e-01 3.972209999999999908e-01
-2.750000000000000222e-01 3.971169999999999978e-01
-2.740000000000000213e-01 3.969090000000000118e-01
-2.730000000000000204e-01 3.966580000000000106e-01
-2.720000000000000195e-01 3.964079999999999826e-01
-2.710000000000000187e-01 3.961580000000000101e-01
-2.700000000000000178e-01 3.959070000000000089e-01
-2.690000000000000169e-01 3.951560000000000072e-01
-2.680000000000000160e-01 3.941520000000000024e-01
-2.670000000000000151e-01 3.931470000000000242e-01
-2.660000000000000142e-01 3.921430000000000193e-01
-2.650000000000000133e-01 3.911379999999999857e-01
-2.640000000000000124e-01 3.884580000000000255e-01
-2.630000000000000115e-01 3.847539999999999849e-01
-2.620000000000000107e-01 3.810490000000000266e-01
-2.610000000000000098e-01 3.773440000000000127e-01
-2.600000000000000089e-01 3.736400000000000277e-01
-2.590000000000000080e-01 3.674160000000000204e-01
-2.580000000000000071e-01 3.593419999999999948e-01
-2.570000000000000062e-01 3.512680000000000247e-01
-2.560000000000000053e-01 3.431939999999999991e-01
-2.550000000000000044e-01 3.351199999999999735e-01
-2.540000000000000036e-01 3.248249999999999749e-01
-2.530000000000000027e-01 3.125809999999999977e-01
-2.520000000000000018e-01 3.003370000000000206e-01
-2.510000000000000009e-01 2.880929999999999880e-01
-2.500000000000000000e-01 2.758490000000000109e-01
-2.489999999999999991e-01 2.629580000000000251e-01
-2.479999999999999982e-01 2.493900000000000006e-01
-2.469999999999999973e-01 2.358220000000000038e-01
-2.459999999999999964e-01 2.222530000000000061e-01
-2.449999999999999956e-01 2.086850000000000094e-01
-2.439999999999999947e-01 1.963590000000000058e-01
-2.429999999999999938e-01 1.855809999999999960e-01
-2.419999999999999929e-01 1.748039999999999872e-01
-2.409999999999999920e-01 1.640260000000000051e-01
-2.399999999999999911e-01 1.532479999999999953e-01
-2.389999999999999902e-01 1.436489999999999989e-01
-2.379999999999999893e-01 1.358090000000000130e-01
-2.369999999999999885e-01 1.279679999999999984e-01
-2.359999999999999876e-01 1.201279999999999987e-01
-2.349999999999999867e-01 1.122869999999999979e-01
-2.340000000000000135e-01 1.053840000000000054e-01
-2.330000000000000127e-01 1.001660000000000050e-01
-2.320000000000000118e-01 9.494859999999999411e-02
-2.310000000000000109e-01 8.973090000000000233e-02
-2.300000000000000100e-01 8.451309999999999378e-02
-2.290000000000000091e-01 7.983850000000000668e-02
-2.280000000000000082e-01 7.635290000000000132e-02
-2.270000000000000073e-01 7.286719999999999309e-02
-2.260000000000000064e-01 6.938149999999999873e-02
-2.250000000000000056e-01 6.589580000000000437e-02
-2.240000000000000047e-01 6.269260000000000110e-02
-2.230000000000000038e-01 6.025450000000000250e-02
-2.220000000000000029e-01 5.781639999999999696e-02
-2.210000000000000020e-01 5.537829999999999836e-02
-2.200000000000000011e-01 5.294009999999999688e-02
-2.190000000000000002e-01 5.064210000000000239e-02
-2.179999999999999993e-01 4.882480000000000153e-02
-2.169999999999999984e-01 4.700739999999999780e-02
-2.159999999999999976e-01 4.519000000000000100e-02
-2.149999999999999967e-01 4.337250000000000133e-02
-2.139999999999999958e-01 4.163130000000000303e-02
-2.129999999999999949e-01 4.023340000000000249e-02
-2.119999999999999940e-01 3.883539999999999909e-02
-2.109999999999999931e-01 3.743729999999999974e-02
-2.099999999999999922e-01 3.603920000000000040e-02
-2.089999999999999913e-01 3.468519999999999937e-02
-2.079999999999999905e-01 3.360670000000000324e-02
-2.069999999999999896e-01 3.252809999999999729e-02
-2.059999999999999887e-01 3.144949999999999829e-02
-2.049999999999999878e-01 3.037079999999999988e-02
-2.039999999999999869e-01 2.931310000000000165e-02
-2.030000000000000138e-01 2.845719999999999847e-02
-2.020000000000000129e-01 2.760129999999999875e-02
-2.010000000000000120e-01 2.674529999999999963e-02
-2.000000000000000111e-01 2.588920000000000110e-02
-1.990000000000000102e-01 2.504100000000000076e-02
-1.980000000000000093e-01 2.434069999999999984e-02
-1.970000000000000084e-01 2.364029999999999951e-02
-1.960000000000000075e-01 2.293989999999999918e-02
-1.950000000000000067e-01 2.223939999999999945e-02
-1.940000000000000058e-01 2.153959999999999902e-02
-1.930000000000000049e-01 2.095670000000000172e-02
-1.920000000000000040e-01 2.037380000000000094e-02
-1.910000000000000031e-01 1.979070000000000135e-02
-1.900000000000000022e-01 1.920759999999999829e-02
-1.890000000000000013e-01 1.862449999999999870e-02
-1.880000000000000004e-01 1.813909999999999828e-02
-1.869999999999999996e-01 1.765740000000000018e-02
-1.859999999999999987e-01 1.717559999999999920e-02
-1.849999999999999978e-01 1.669369999999999882e-02
-1.839999999999999969e-01 1.621169999999999903e-02
-1.829999999999999960e-01 1.579900000000000054e-02
-1.819999999999999951e-01 1.539229999999999939e-02
-1.809999999999999942e-01 1.498550000000000056e-02
-1.799999999999999933e-01 1.457869999999999999e-02
-1.789999999999999925e-01 1.417180000000000002e-02
-1.779999999999999916e-01 1.381600000000000016e-02
-1.769999999999999907e-01 1.346759999999999971e-02
-1.759999999999999898e-01 1.311900000000000045e-02
-1.749999999999999889e-01 1.277030000000000005e-02
-1.739999999999999880e-01 1.242159999999999966e-02
-1.729999999999999871e-01 1.211190000000000010e-02
-1.719999999999999862e-01 1.181010000000000046e-02
-1.710000000000000131e-01 1.150810000000000027e-02
-1.700000000000000122e-01 1.120610000000000009e-02
-1.690000000000000113e-01 1.090409999999999990e-02
-1.680000000000000104e-01 1.063650000000000012e-02
-1.670000000000000095e-01 1.037830000000000003e-02
-1.660000000000000087e-01 1.012000000000000052e-02
-1.650000000000000078e-01 9.861550000000000177e-03
-1.640000000000000069e-01 9.603060000000000068e-03
-1.630000000000000060e-01 9.369159999999999641e-03
-1.620000000000000051e-01 9.143689999999999457e-03
-1.610000000000000042e-01 8.918149999999999689e-03
-1.600000000000000033e-01 8.692530000000000395e-03
-1.590000000000000024e-01 8.466849999999999724e-03
-1.580000000000000016e-01 8.245429999999999773e-03
-1.570000000000000007e-01 8.025799999999999601e-03
-1.559999999999999998e-01 7.806109999999999785e-03
-1.549999999999999989e-01 7.586380000000000207e-03
-1.539999999999999980e-01 7.366600000000000058e-03
-1.529999999999999971e-01 7.185300000000000367e-03
-1.519999999999999962e-01 7.024169999999999719e-03
-1.509999999999999953e-01 6.863000000000000177e-03
-1.499999999999999944e-01 6.701829999999999767e-03
-1.489999999999999936e-01 6.540650000000000283e-03
-1.479999999999999927e-01 6.388959999999999952e-03
-1.469999999999999918e-01 6.243310000000000179e-03
-1.459999999999999909e-01 6.097680000000000287e-03
-1.449999999999999900e-01 5.952100000000000099e-03
-1.439999999999999891e-01 5.806580000000000422e-03
-1.429999999999999882e-01 5.669060000000000071e-03
-1.419999999999999873e-01 5.537639999999999924e-03
-1.409999999999999865e-01 5.406339999999999930e-03
-1.400000000000000133e-01 5.275170000000000033e-03
-1.390000000000000124e-01 5.144160000000000052e-03
-1.380000000000000115e-01 5.019899999999999883e-03
-1.370000000000000107e-01 4.901810000000000368e-03
-1.360000000000000098e-01 4.783950000000000355e-03
-1.350000000000000089e-01 4.666359999999999605e-03
-1.340000000000000080e-01 4.549069999999999676e-03
-1.330000000000000071e-01 4.437540000000000234e-03
-1.320000000000000062e-01 4.332230000000000282e-03
-1.310000000000000053e-01 4.227329999999999630e-03
-1.300000000000000044e-01 4.122899999999999655e-03
-1.290000000000000036e-01 4.018970000000000181e-03
-1.280000000000000027e-01 3.920029999999999695e-03
-1.270000000000000018e-01 3.827399999999999899e-03
-1.260000000000000009e-01 3.735449999999999968e-03
-1.250000000000000000e-01 3.644230000000000039e-03
-1.239999999999999991e-01 3.553810000000000129e-03
-1.229999999999999982e-01 3.467839999999999812e-03
-1.219999999999999973e-01 3.388350000000000042e-03
-1.209999999999999964e-01 3.309889999999999794e-03
-1.199999999999999956e-01 3.232529999999999952e-03
-1.189999999999999947e-01 3.156369999999999922e-03
-1.179999999999999938e-01 3.084369999999999907e-03
-1.170000000000000068e-01 3.019089999999999881e-03
-1.160000000000000059e-01 2.955310000000000055e-03
-1.150000000000000050e-01 2.893140000000000208e-03
-1.140000000000000041e-01 2.832680000000000180e-03
-1.130000000000000032e-01 2.776310000000000149e-03
-1.120000000000000023e-01 2.727030000000000079e-03
-1.110000000000000014e-01 2.679829999999999799e-03
-1.100000000000000006e-01 2.634839999999999838e-03
-1.089999999999999997e-01 2.592210000000000174e-03
-1.079999999999999988e-01 2.553779999999999852e-03
-1.069999999999999979e-01 2.522860000000000033e-03
-1.059999999999999970e-01 2.494679999999999988e-03
-1.049999999999999961e-01 2.469359999999999871e-03
-1.039999999999999952e-01 2.447019999999999838e-03
-1.029999999999999943e-01 2.429059999999999813e-03
-1.019999999999999934e-01 2.418940000000000066e-03
-1.010000000000000064e-01 2.412080000000000040e-03
-1.000000000000000056e-01 2.408500000000000051e-03
-9.900000000000000466e-02 2.408239999999999860e-03
-9.800000000000000377e-02 2.412179999999999880e-03
-9.700000000000000289e-02 2.423750000000000123e-03
-9.600000000000000200e-02 2.438379999999999975e-03
-9.500000000000000111e-02 2.455829999999999992e-03
-9.400000000000000022e-02 2.475799999999999789e-03
-9.299999999999999933e-02 2.498460000000000091e-03
-9.199999999999999845e-02 2.526800000000000053e-03
-9.099999999999999756e-02 2.555879999999999957e-03
-8.999999999999999667e-02 2.584729999999999927e-03
-8.899999999999999578e-02 2.612140000000000208e-03
-8.799999999999999489e-02 2.636959999999999825e-03
-8.699999999999999400e-02 2.660889999999999957e-03
-8.599999999999999312e-02 2.677650000000000169e-03
-8.500000000000000611e-02 2.684399999999999981e-03
-8.400000000000000522e-02 2.677650000000000169e-03
-8.300000000000000433e-02 2.653340000000000126e-03
-8.200000000000000344e-02 2.609890000000000126e-03
-8.100000000000000255e-02 2.537329999999999967e-03
-8.000000000000000167e-02 2.428099999999999876e-03
-7.900000000000000078e-02 2.273090000000000180e-03
-7.799999999999999989e-02 2.061260000000000089e-03
-7.699999999999999900e-02 1.782790000000000026e-03
-7.599999999999999811e-02 1.418119999999999927e-03
-7.499999999999999722e-02 9.478450000000000026e-04
-7.399999999999999634e-02 3.485389999999999777e-04
-7.299999999999999545e-02 -4.080719999999999920e-04
-7.199999999999999456e-02 -1.353119999999999974e-03
-7.099999999999999367e-02 -2.530699999999999877e-03
-7.000000000000000666e-02 -3.990770000000000255e-03
-6.900000000000000577e-02 -5.793450000000000336e-03
-6.800000000000000488e-02 -8.011320000000000593e-03
-6.700000000000000400e-02 -1.072930000000000064e-02
-6.600000000000000311e-02 -1.405499999999999979e-02
-6.500000000000000222e-02 -1.811489999999999975e-02
-6.400000000000000133e-02 -2.306029999999999885e-02
-6.300000000000000044e-02 -2.907070000000000140e-02
-6.199999999999999956e-02 -3.635569999999999774e-02
-6.099999999999999867e-02 -4.516470000000000207e-02
-5.999999999999999778e-02 -5.578319999999999806e-02
-5.899999999999999689e-02 -6.853389999999999482e-02
-5.800000000000000294e-02 -8.377379999999999549e-02
-5.700000000000000205e-02 -1.018840000000000023e-01
-5.600000000000000117e-02 -1.232599999999999946e-01
-5.500000000000000028e-02 -1.482880000000000031e-01
-5.399999999999999939e-02 -1.773119999999999974e-01
-5.299999999999999850e-02 -2.105980000000000074e-01
-5.199999999999999761e-02 -2.482890000000000097e-01
-5.099999999999999672e-02 -2.903609999999999802e-01
-5.000000000000000278e-02 -3.365569999999999951e-01
-4.900000000000000189e-02 -3.863469999999999960e-01
-4.800000000000000100e-02 -4.388799999999999923e-01
-4.700000000000000011e-02 -4.929680000000000173e-01
-4.599999999999999922e-02 -5.471359999999999557e-01
-4.499999999999999833e-02 -5.997360000000000468e-01
-4.399999999999999745e-02 -6.491320000000000423e-01
-4.299999999999999656e-02 -6.939389999999999725e-01
-4.200000000000000261e-02 -7.332079999999999709e-01
-4.100000000000000172e-02 -7.665229999999999544e-01
-4.000000000000000083e-02 -7.939629999999999743e-01
-3.899999999999999994e-02 -8.159769999999999524e-01
-3.799999999999999906e-02 -8.332300000000000262e-01
-3.699999999999999817e-02 -8.464660000000000517e-01
-3.599999999999999728e-02 -8.564190000000000413e-01
-3.500000000000000333e-02 -8.637650000000000050e-01
-3.400000000000000244e-02 -8.690909999999999469e-01
-3.300000000000000155e-02 -8.728860000000000507e-01
-3.200000000000000067e-02 -8.755309999999999482e-01
-3.099999999999999978e-02 -8.773100000000000342e-01
-2.999999999999999889e-02 -8.784180000000000321e-01
-2.900000000000000147e-02 -8.789709999999999468e-01
-2.800000000000000058e-02 -8.790120000000000156e-01
-2.699999999999999969e-02 -8.785140000000000171e-01
-2.599999999999999881e-02 -8.773879999999999457e-01
-2.500000000000000139e-02 -8.754800000000000360e-01
-2.400000000000000050e-02 -8.725549999999999695e-01
-2.299999999999999961e-02 -8.682739999999999903e-01
-2.199999999999999872e-02 -8.621659999999999879e-01
-2.100000000000000130e-02 -8.536089999999999511e-01
-2.000000000000000042e-02 -8.418240000000000167e-01
-1.899999999999999953e-02 -8.258990000000000498e-01
-1.799999999999999864e-02 -8.048450000000000326e-01
-1.700000000000000122e-02 -7.777199999999999669e-01
-1.600000000000000033e-02 -7.437989999999999879e-01
-1.499999999999999944e-02 -7.027700000000000058e-01
-1.400000000000000029e-02 -6.548929999999999474e-01
-1.299999999999999940e-02 -6.010459999999999692e-01
-1.200000000000000025e-02 -5.426459999999999617e-01
-1.099999999999999936e-02 -4.814590000000000258e-01
-1.000000000000000021e-02 -4.193740000000000245e-01
-8.999999999999999320e-03 -3.582089999999999996e-01
-8.000000000000000167e-03 -2.995860000000000190e-01
-7.000000000000000146e-03 -2.448480000000000101e-01
-6.000000000000000125e-03 -1.950070000000000137e-01
-5.000000000000000104e-03 -1.506709999999999994e-01
-4.000000000000000083e-03 -1.119750000000000051e-01
-3.000000000000000062e-03 -7.855199999999999683e-02
-2.000000000000000042e-03 -4.954979999999999801e-02
-1.000000000000000021e-03 -2.372029999999999972e-02
0.000000000000000000e+00 4.554059999999999966e-04
1.000000000000000021e-03 2.463119999999999893e-02
2.000000000000000042e-03 5.046099999999999891e-02
3.000000000000000062e-03 7.946440000000000448e-02
4.000000000000000083e-03 1.128900000000000042e-01
5.000000000000000104e-03 1.515880000000000005e-01
6.000000000000000125e-03 1.959269999999999901e-01
7.000000000000000146e-03 2.457699999999999885e-01
8.000000000000000167e-03 3.005109999999999726e-01
8.999999999999999320e-03 3.591389999999999860e-01
1.000000000000000021e-02 4.203089999999999882e-01
1.099999999999999936e-02 4.823990000000000222e-01
1.200000000000000025e-02 5.435910000000000464e-01
1.299999999999999940e-02 6.019970000000000043e-01
1.400000000000000029e-02 6.558509999999999618e-01
1.499999999999999944e-02 7.037349999999999994e-01
1.600000000000000033e-02 7.447709999999999608e-01
1.700000000000000122e-02 7.786999999999999478e-01
1.799999999999999864e-02 8.058340000000000503e-01
1.899999999999999953e-02 8.268969999999999931e-01
2.000000000000000042e-02 8.428330000000000544e-01
2.100000000000000130e-02 8.546280000000000543e-01
2.199999999999999872e-02 8.631959999999999633e-01
2.299999999999999961e-02 8.693149999999999489e-01
2.400000000000000050e-02 8.736089999999999689e-01
2.500000000000000139e-02 8.765469999999999651e-01
2.599999999999999881e-02 8.784680000000000266e-01
2.699999999999999969e-02 8.796070000000000277e-01
2.800000000000000058e-02 8.801200000000000134e-01
2.900000000000000147e-02 8.800949999999999607e-01
2.999999999999999889e-02 8.795589999999999797e-01
3.099999999999999978e-02 8.784669999999999979e-01
3.200000000000000067e-02 8.767049999999999566e-01
3.300000000000000155e-02 8.740780000000000216e-01
3.400000000000000244e-02 8.703030000000000488e-01
3.500000000000000333e-02 8.649970000000000159e-01
3.599999999999999728e-02 8.576719999999999899e-01
3.699999999999999817e-02 8.477400000000000491e-01
3.799999999999999906e-02 8.345259999999999900e-01
3.899999999999999994e-02 8.172970000000000512e-01
4.000000000000000083e-02 7.953069999999999862e-01
4.100000000000000172e-02 7.678930000000000478e-01
4.200000000000000261e-02 7.346040000000000347e-01
4.299999999999999656e-02 6.953620000000000356e-01
4.399999999999999745e-02 6.505840000000000511e-01
4.499999999999999833e-02 6.012180000000000302e-01
4.599999999999999922e-02 5.486490000000000533e-01
4.700000000000000011e-02 4.945120000000000071e-01
4.800000000000000100e-02 4.404569999999999874e-01
4.900000000000000189e-02 3.879610000000000003e-01
5.000000000000000278e-02 3.382080000000000086e-01
5.099999999999999672e-02 2.920490000000000030e-01
5.199999999999999761e-02 2.500180000000000180e-01
5.299999999999999850e-02 2.123680000000000012e-01
5.399999999999999939e-02 1.791270000000000084e-01
5.500000000000000028e-02 1.501500000000000057e-01
5.600000000000000117e-02 1.251700000000000035e-01
5.700000000000000205e-02 1.038420000000000037e-01
5.800000000000000294e-02 8.578389999999999627e-02
5.899999999999999689e-02 7.059949999999999559e-02
5.999999999999999778e-02 5.790649999999999964e-02
6.099999999999999867e-02 4.734780000000000239e-02
6.199999999999999956e-02 3.860109999999999930e-02
6.300000000000000044e-02 3.138119999999999798e-02
6.400000000000000133e-02 2.544120000000000062e-02
6.500000000000000222e-02 2.056919999999999929e-02
6.600000000000000311e-02 1.658609999999999945e-02
6.700000000000000400e-02 1.334079999999999988e-02
6.800000000000000488e-02 1.070759999999999941e-02
6.900000000000000577e-02 8.581339999999999801e-03
7.000000000000000666e-02 6.875349999999999691e-03
7.099999999999999367e-02 5.516990000000000262e-03
7.199999999999999456e-02 4.447190000000000171e-03
7.299999999999999545e-02 3.616170000000000148e-03
7.399999999999999634e-02 2.984150000000000084e-03
7.499999999999999722e-02 2.516930000000000122e-03
7.599999999999999811e-02 2.187940000000000197e-03
7.699999999999999900e-02 1.973760000000000184e-03
7.799999999999999989e-02 1.857259999999999901e-03
7.900000000000000078e-02 1.822440000000000041e-03
8.000000000000000167e-02 1.858910000000000076e-03
8.100000000000000255e-02 1.955609999999999987e-03
8.200000000000000344e-02 2.107270000000000063e-03
8.300000000000000433e-02 2.306340000000000039e-03
8.400000000000000522e-02 2.551799999999999902e-03
8.500000000000000611e-02 2.838460000000000115e-03
8.599999999999999312e-02 3.168820000000000144e-03
8.699999999999999400e-02 3.539389999999999897e-03
8.799999999999999489e-02 3.956249999999999697e-03
8.899999999999999578e-02 4.417120000000000074e-03
8.999999999999999667e-02 4.931679999999999918e-03
9.099999999999999756e-02 5.498359999999999879e-03
9.199999999999999845e-02 6.130499999999999665e-03
9.299999999999999933e-02 6.827149999999999712e-03
9.400000000000000022e-02 7.604900000000000375e-03
9.500000000000000111e-02 8.463180000000000702e-03
9.600000000000000200e-02 9.419729999999999423e-03
9.700000000000000289e-02 1.047419999999999948e-02
9.800000000000000377e-02 1.164109999999999971e-02
9.900000000000000466e-02 1.292010000000000033e-02
1.000000000000000056e-01 1.431329999999999929e-02
1.010000000000000064e-01 1.582050000000000123e-02
1.019999999999999934e-01 1.741929999999999867e-02
1.029999999999999943e-01 1.910960000000000089e-02
1.039999999999999952e-01 2.083619999999999917e-02
1.049999999999999961e-01 2.259919999999999984e-02
1.059999999999999970e-01 2.431710000000000121e-02
1.069999999999999979e-01 2.598999999999999921e-02
1.079999999999999988e-01 2.753720000000000126e-02
1.089999999999999997e-01 2.895910000000000151e-02
1.100000000000000006e-01 3.020739999999999884e-02
1.110000000000000014e-01 3.128229999999999900e-02
1.120000000000000023e-01 3.217960000000000265e-02
1.130000000000000032e-01 3.289949999999999819e-02
1.140000000000000041e-01 3.346930000000000044e-02
1.150000000000000050e-01 3.388929999999999720e-02
1.160000000000000059e-01 3.419740000000000280e-02
1.170000000000000068e-01 3.439400000000000096e-02
1.179999999999999938e-01 3.451459999999999945e-02
1.189999999999999947e-01 3.455939999999999707e-02
1.199999999999999956e-01 3.455749999999999794e-02
1.209999999999999964e-01 3.450899999999999801e-02
1.219999999999999973e-01 3.443700000000000233e-02
1.229999999999999982e-01 3.434170000000000278e-02
1.239999999999999991e-01 3.424080000000000179e-02
1.250000000000000000e-01 3.413460000000000105e-02
1.260000000000000009e-01 3.403389999999999888e-02
1.270000000000000018e-01 3.393899999999999695e-02
1.280000000000000027e-01 3.385250000000000065e-02
1.290000000000000036e-01 3.377460000000000184e-02
1.300000000000000044e-01 3.370109999999999773e-02
1.310000000000000053e-01 3.363209999999999811e-02
1.320000000000000062e-01 3.356050000000000005e-02
1.330000000000000071e-01 3.348629999999999662e-02
1.340000000000000080e-01 3.340379999999999738e-02
1.350000000000000089e-01 3.331300000000000233e-02
1.360000000000000098e-01 3.321090000000000153e-02
1.370000000000000107e-01 3.309759999999999786e-02
1.380000000000000115e-01 3.297300000000000231e-02
1.390000000000000124e-01 3.283719999999999695e-02
1.400000000000000133e-01 3.269240000000000340e-02
1.409999999999999865e-01 3.253869999999999679e-02
1.419999999999999873e-01 3.237990000000000312e-02
1.429999999999999882e-01 3.221609999999999752e-02
1.439999999999999891e-01 3.205220000000000291e-02
1.449999999999999900e-01 3.188819999999999849e-02
1.459999999999999909e-01 3.172849999999999976e-02
1.469999999999999918e-01 3.157309999999999978e-02
1.479999999999999927e-01 3.142410000000000342e-02
1.489999999999999936e-01 3.128159999999999968e-02
1.499999999999999944e-01 3.114429999999999976e-02
1.509999999999999953e-01 3.101239999999999900e-02
1.519999999999999962e-01 3.088219999999999854e-02
1.529999999999999971e-01 3.075380000000000127e-02
1.539999999999999980e-01 3.062329999999999913e-02
1.549999999999999989e-01 3.049090000000000134e-02
1.559999999999999998e-01 3.035370000000000082e-02
1.570000000000000007e-01 3.021180000000000046e-02
1.580000000000000016e-01 3.006429999999999866e-02
1.590000000000000024e-01 2.991119999999999890e-02
1.600000000000000033e-01 2.975310000000000107e-02
1.610000000000000042e-01 2.959020000000000053e-02
1.620000000000000051e-01 2.942449999999999927e-02
1.630000000000000060e-01 2.925610000000000016e-02
1.640000000000000069e-01 2.908809999999999868e-02
1.650000000000000078e-01 2.892049999999999829e-02
1.660000000000000087e-01 2.875619999999999912e-02
1.670000000000000095e-01 2.859520000000000117e-02
1.680000000000000104e-01 2.843899999999999900e-02
1.690000000000000113e-01 2.828769999999999896e-02
1.700000000000000122e-01 2.814049999999999885e-02
1.710000000000000131e-01 2.799750000000000155e-02
1.719999999999999862e-01 2.785620000000000110e-02
1.729999999999999871e-01 2.771650000000000155e-02
1.739999999999999880e-01 2.757580000000000101e-02
1.749999999999999889e-01 2.743400000000000005e-02
1.759999999999999898e-01 2.728900000000000076e-02
1.769999999999999907e-01 2.714089999999999905e-02
1.779999999999999916e-01 2.698880000000000029e-02
1.789999999999999925e-01 2.683270000000000099e-02
1.799999999999999933e-01 2.667310000000000167e-02
1.809999999999999942e-01 2.650989999999999944e-02
1.819999999999999951e-01 2.634480000000000155e-02
1.829999999999999960e-01 2.617749999999999938e-02
1.839999999999999969e-01 2.601049999999999890e-02
1.849999999999999978e-01 2.584370000000000070e-02
1.859999999999999987e-01 2.567940000000000153e-02
1.869999999999999996e-01 2.551760000000000139e-02
1.880000000000000004e-01 2.535940000000000069e-02
1.890000000000000013e-01 2.520510000000000111e-02
1.900000000000000022e-01 2.505399999999999988e-02
1.910000000000000031e-01 2.490619999999999987e-02
1.920000000000000040e-01 2.476000000000000076e-02
1.930000000000000049e-01 2.461520000000000027e-02
1.940000000000000058e-01 2.446979999999999988e-02
1.950000000000000067e-01 2.432370000000000018e-02
1.960000000000000075e-01 2.417530000000000026e-02
1.970000000000000084e-01 2.402450000000000072e-02
1.980000000000000093e-01 2.387070000000000164e-02
1.990000000000000102e-01 2.371389999999999956e-02
2.000000000000000111e-01 2.355420000000000083e-02
2.010000000000000120e-01 2.339180000000000079e-02
2.020000000000000129e-01 2.322770000000000043e-02
2.030000000000000138e-01 2.306199999999999917e-02
2.039999999999999869e-01 2.289630000000000137e-02
2.049999999999999878e-01 2.273069999999999952e-02
2.059999999999999887e-01 2.256690000000000085e-02
2.069999999999999896e-01 2.240510000000000071e-02
2.079999999999999905e-01 2.224630000000000010e-02
2.089999999999999913e-01 2.209039999999999962e-02
2.099999999999999922e-01 2.193729999999999986e-02
2.109999999999999931e-01 2.178690000000000140e-02
2.119999999999999940e-01 2.163790000000000158e-02
2.129999999999999949e-01 2.149020000000000097e-02
2.139999999999999958e-01 2.134209999999999927e-02
2.149999999999999967e-01 2.119359999999999994e-02
2.159999999999999976e-01 2.104330000000000089e-02
2.169999999999999984e-01 2.089119999999999866e-02
2.179999999999999993e-01 2.073670000000000027e-02
2.190000000000000002e-01 2.057969999999999938e-02
2.200000000000000011e-01 2.042050000000000115e-02
2.210000000000000020e-01 2.025899999999999923e-02
2.220000000000000029e-01 2.009609999999999869e-02
2.230000000000000038e-01 1.993179999999999952e-02
2.240000000000000047e-01 1.976740000000000094e-02
2.250000000000000056e-01 1.960299999999999890e-02
2.260000000000000064e-01 1.943999999999999895e-02
2.270000000000000073e-01 1.927859999999999990e-02
2.280000000000000082e-01 1.911950000000000108e-02
2.290000000000000091e-01 1.896269999999999900e-02
2.300000000000000100e-01 1.880830000000000002e-02
2.310000000000000109e-01 1.865609999999999838e-02
2.320000000000000118e-01 1.850500000000000062e-02
2.330000000000000127e-01 1.835519999999999860e-02
2.340000000000000135e-01 1.820520000000000124e-02
2.349999999999999867e-01 1.805479999999999932e-02
2.359999999999999876e-01 1.790320000000000106e-02
2.369999999999999885e-01 1.775010000000000129e-02
2.379999999999999893e-01 1.759509999999999894e-02
2.389999999999999902e-01 1.743820000000000092e-02
2.399999999999999911e-01 1.727940000000000031e-02
2.409999999999999920e-01 1.711879999999999999e-02
2.419999999999999929e-01 1.695699999999999985e-02
2.429999999999999938e-01 1.679390000000000049e-02
2.439999999999999947e-01 1.663080000000000114e-02
2.449999999999999956e-01 1.646749999999999950e-02
2.459999999999999964e-01 1.630529999999999827e-02
2.469999999999999973e-01 1.614420000000000091e-02
2.479999999999999982e-01 1.598499999999999921e-02
2.489999999999999991e-01 1.582770000000000010e-02
2.500000000000000000e-01 1.567230000000000012e-02
2.510000000000000009e-01 1.551869999999999986e-02
2.520000000000000018e-01 1.536620000000000000e-02
2.530000000000000027e-01 1.521460000000000000e-02
2.540000000000000036e-01 1.506290000000000059e-02
2.550000000000000044e-01 1.491110000000000005e-02
2.560000000000000053e-01 1.475830000000000024e-02
2.570000000000000062e-01 1.460440000000000002e-02
2.580000000000000071e-01 1.444900000000000004e-02
2.590000000000000080e-01 1.429210000000000029e-02
2.600000000000000089e-01 1.413370000000000078e-02
2.610000000000000098e-01 1.397389999999999917e-02
2.620000000000000107e-01 1.381300000000000062e-02
2.630000000000000115e-01 1.365120000000000049e-02
2.640000000000000124e-01 1.348919999999999980e-02
2.650000000000000133e-01 1.332709999999999971e-02
2.660000000000000142e-01 1.316580000000000007e-02
2.670000000000000151e-01 1.300519999999999975e-02
2.680000000000000160e-01 1.284609999999999919e-02
2.690000000000000169e-01 1.268850000000000013e-02
2.700000000000000178e-01 1.253229999999999969e-02
2.710000000000000187e-01 1.237760000000000075e-02
2.720000000000000195e-01 1.222379999999999994e-02
2.730000000000000204e-01 1.207070000000000018e-02
2.740000000000000213e-01 1.191769999999999982e-02
2.750000000000000222e-01 1.176450000000000065e-02
2.760000000000000231e-01 1.161060000000000043e-02
2.770000000000000240e-01 1.145599999999999917e-02
2.780000000000000249e-01 1.130010000000000042e-02
2.790000000000000258e-01 1.114320000000000067e-02
2.800000000000000266e-01 1.098509999999999938e-02
2.810000000000000275e-01 1.082600000000000055e-02
2.819999999999999729e-01 1.066600000000000013e-02
2.829999999999999738e-01 1.050530000000000040e-02
2.839999999999999747e-01 1.034449999999999953e-02
2.849999999999999756e-01 1.018349999999999984e-02
2.859999999999999765e-01 1.002300000000000066e-02
2.869999999999999774e-01 9.863169999999999230e-03
2.879999999999999782e-01 9.704350000000000476e-03
2.889999999999999791e-01 9.546560000000000809e-03
2.899999999999999800e-01 9.389869999999999814e-03
2.909999999999999809e-01 9.234269999999999284e-03
2.919999999999999818e-01 9.079310000000000158e-03
2.929999999999999827e-01 8.924990000000000701e-03
2.939999999999999836e-01 8.770649999999999627e-03
2.949999999999999845e-01 8.616270000000000526e-03
2.959999999999999853e-01 8.461359999999999368e-03
2.969999999999999862e-01 8.305909999999999682e-03
2.979999999999999871e-01 8.149659999999999543e-03
2.989999999999999880e-01 7.992640000000000508e-03
2.999999999999999889e-01 7.834819999999999285e-03
3.009999999999999898e-01 7.676210000000000151e-03
3.019999999999999907e-01 7.517069999999999828e-03
3.029999999999999916e-01 7.357419999999999932e-03
3.039999999999999925e-01 7.197649999999999881e-03
3.049999999999999933e-01 7.037780000000000424e-03
3.059999999999999942e-01 6.878279999999999637e-03
3.069999999999999951e-01 6.719160000000000063e-03
3.079999999999999960e-01 6.560729999999999860e-03
3.089999999999999969e-01 6.402989999999999897e-03
3.099999999999999978e-01 6.245969999999999994e-03
3.109999999999999987e-01 6.089670000000000152e-03
3.119999999999999996e-01 5.933779999999999610e-03
3.130000000000000004e-01 5.778300000000000103e-03
3.140000000000000013e-01 5.622799999999999847e-03
3.150000000000000022e-01 5.467299999999999591e-03
3.160000000000000031e-01 5.311449999999999678e-03
3.170000000000000040e-01 5.155250000000000110e-03
3.180000000000000049e-01 4.998550000000000042e-03
3.190000000000000058e-01 4.841360000000000281e-03
3.200000000000000067e-01 4.683709999999999783e-03
3.210000000000000075e-01 4.525600000000000282e-03
3.220000000000000084e-01 4.367199999999999901e-03
3.230000000000000093e-01 4.208510000000000376e-03
3.240000000000000102e-01 4.049780000000000220e-03
3.250000000000000111e-01 3.891019999999999809e-03
3.260000000000000120e-01 3.732479999999999826e-03
3.270000000000000129e-01 3.574170000000000211e-03
3.280000000000000138e-01 3.416240000000000075e-03
3.290000000000000147e-01 3.258689999999999851e-03
3.300000000000000155e-01 3.101500000000000090e-03
3.310000000000000164e-01 2.944669999999999926e-03
3.320000000000000173e-01 2.788010000000000054e-03
3.330000000000000182e-01 2.631520000000000040e-03
3.340000000000000191e-01 2.474989999999999829e-03
3.350000000000000200e-01 2.318409999999999915e-03
3.360000000000000209e-01 2.161639999999999829e-03
3.370000000000000218e-01 2.004689999999999944e-03
3.380000000000000226e-01 1.847520000000000065e-03
3.390000000000000235e-01 1.690139999999999915e-03
3.400000000000000244e-01 1.532600000000000065e-03
3.410000000000000253e-01 1.374919999999999962e-03
3.420000000000000262e-01 1.217189999999999939e-03
3.430000000000000271e-01 1.059419999999999936e-03
3.439999999999999725e-01 9.017180000000000291e-04
3.449999999999999734e-01 7.440790000000000294e-04
3.459999999999999742e-01 5.865619999999999992e-04
3.469999999999999751e-01 4.291669999999999925e-04
3.479999999999999760e-01 2.718670000000000179e-04
3.489999999999999769e-01 1.146639999999999986e-04
3.499999999999999778e-01 -4.253519999999999892e-05
3.509999999999999787e-01 -1.997299999999999868e-04
3.519999999999999796e-01 -3.570119999999999761e-04
3.529999999999999805e-01 -5.143819999999999686e-04
3.539999999999999813e-01 -6.718650000000000056e-04
3.549999999999999822e-01 -8.294609999999999787e-04
3.559999999999999831e-01 -9.871140000000000903e-04
3.569999999999999840e-01 -1.144819999999999952e-03
3.579999999999999849e-01 -1.302479999999999957e-03
3.589999999999999858e-01 -1.460090000000000042e-03
3.599999999999999867e-01 -1.617539999999999993e-03
3.609999999999999876e-01 -1.774820000000000087e-03
3.619999999999999885e-01 -1.931889999999999909e-03
3.629999999999999893e-01 -2.088730000000000014e-03
3.639999999999999902e-01 -2.245379999999999945e-03
3.649999999999999911e-01 -2.401830000000000197e-03
3.659999999999999920e-01 -2.558219999999999938e-03
3.669999999999999929e-01 -2.714559999999999976e-03
3.679999999999999938e-01 -2.871069999999999872e-03
3.689999999999999947e-01 -3.027740000000000119e-03
3.699999999999999956e-01 -3.184750000000000081e-03
3.709999999999999964e-01 -3.342110000000000133e-03
3.719999999999999973e-01 -3.499850000000000096e-03
3.729999999999999982e-01 -3.657960000000000031e-03
3.739999999999999991e-01 -3.816280000000000019e-03
3.750000000000000000e-01 -3.974830000000000377e-03
3.760000000000000009e-01 -4.133320000000000223e-03
3.770000000000000018e-01 -4.291780000000000247e-03
3.780000000000000027e-01 -4.449930000000000378e-03
3.790000000000000036e-01 -4.607789999999999629e-03
3.800000000000000044e-01 -4.765169999999999996e-03
3.810000000000000053e-01 -4.922079999999999685e-03
3.820000000000000062e-01 -5.078489999999999741e-03
3.830000000000000071e-01 -5.234390000000000223e-03
3.840000000000000080e-01 -5.389930000000000242e-03
3.850000000000000089e-01 -5.545119999999999737e-03
3.860000000000000098e-01 -5.700280000000000277e-03
3.870000000000000107e-01 -5.855430000000000010e-03
3.880000000000000115e-01 -6.010970000000000028e-03
3.890000000000000124e-01 -6.166920000000000214e-03
3.900000000000000133e-01 -6.323559999999999771e-03
3.910000000000000142e-01 -6.480920000000000257e-03
3.920000000000000151e-01 -6.638960000000000174e-03
3.930000000000000160e-01 -6.797680000000000389e-03
3.940000000000000169e-01 -6.956770000000000141e-03
3.950000000000000178e-01 -7.116210000000000417e-03
3.960000000000000187e-01 -7.275539999999999612e-03
3.970000000000000195e-01 -7.434750000000000386e-03
3.980000000000000204e-01 -7.593429999999999971e-03
3.990000000000000213e-01 -7.751560000000000221e-03
4.000000000000000222e-01 -7.908899999999999958e-03
4.010000000000000231e-01 -8.065430000000000169e-03
4.020000000000000240e-01 -8.221169999999999867e-03
4.030000000000000249e-01 -8.376099999999999171e-03
4.040000000000000258e-01 -8.530480000000000007e-03
4.050000000000000266e-01 -8.684310000000000640e-03
4.060000000000000275e-01 -8.838099999999999776e-03
4.069999999999999729e-01 -8.991849999999999149e-03
4.079999999999999738e-01 -9.146220000000000044e-03
4.089999999999999747e-01 -9.301220000000000668e-03
4.099999999999999756e-01 -9.457300000000000081e-03
4.109999999999999765e-01 -9.614469999999999961e-03
4.119999999999999774e-01 -9.772650000000000781e-03
4.129999999999999782e-01 -9.931860000000000688e-03
4.139999999999999791e-01 -1.009159999999999918e-02
4.149999999999999800e-01 -1.025189999999999955e-02
4.159999999999999809e-01 -1.041040000000000021e-02
4.169999999999999818e-01 -1.056280000000000066e-02
4.179999999999999827e-01 -1.071450000000000007e-02
4.189999999999999836e-01 -1.086540000000000075e-02
4.199999999999999845e-01 -1.101449999999999999e-02
4.209999999999999853e-01 -1.116029999999999973e-02
4.219999999999999862e-01 -1.130480000000000027e-02
4.229999999999999871e-01 -1.144820000000000039e-02
4.239999999999999880e-01 -1.159059999999999951e-02
4.249999999999999889e-01 -1.173180000000000056e-02
4.259999999999999898e-01 -1.187279999999999933e-02
4.269999999999999907e-01 -1.201379999999999983e-02
4.279999999999999916e-01 -1.215549999999999964e-02
4.289999999999999925e-01 -1.229740000000000000e-02
4.299999999999999933e-01 -1.244070000000000072e-02
4.309999999999999942e-01 -1.258549999999999947e-02
4.319999999999999951e-01 -1.273159999999999917e-02
4.329999999999999960e-01 -1.287849999999999932e-02
4.339999999999999969e-01 -1.302619999999999993e-02
4.349999999999999978e-01 -1.317459999999999985e-02
4.359999999999999987e-01 -1.332279999999999923e-02
4.369999999999999996e-01 -1.346999999999999933e-02
4.380000000000000004e-01 -1.361620000000000018e-02
4.390000000000000013e-01 -1.376140000000000002e-02
4.400000000000000022e-01 -1.390500000000000069e-02
4.410000000000000031e-01 -1.404629999999999941e-02
4.420000000000000040e-01 -1.418610000000000010e-02
4.430000000000000049e-01 -1.432429999999999988e-02
4.440000000000000058e-01 -1.446139999999999926e-02
4.450000000000000067e-01 -1.459659999999999951e-02
4.460000000000000075e-01 -1.473159999999999921e-02
4.470000000000000084e-01 -1.486640000000000010e-02
4.480000000000000093e-01 -1.500220000000000026e-02
4.490000000000000102e-01 -1.513789999999999927e-02
4.500000000000000111e-01 -1.527549999999999915e-02
4.510000000000000120e-01 -1.541490000000000048e-02
4.520000000000000129e-01 -1.555609999999999979e-02
4.530000000000000138e-01 -1.569819999999999896e-02
4.540000000000000147e-01 -1.584129999999999913e-02
4.550000000000000155e-01 -1.598549999999999971e-02
4.560000000000000164e-01 -1.612939999999999860e-02
4.570000000000000173e-01 -1.627199999999999827e-02
4.580000000000000182e-01 -1.641329999999999872e-02
4.590000000000000191e-01 -1.655349999999999877e-02
4.600000000000000200e-01 -1.669170000000000029e-02
4.610000000000000209e-01 -1.682669999999999999e-02
4.620000000000000218e-01 -1.695970000000000116e-02
4.630000000000000226e-01 -1.709079999999999974e-02
4.640000000000000235e-01 -1.722049999999999970e-02
4.650000000000000244e-01 -1.734739999999999893e-02
4.660000000000000253e-01 -1.747390000000000054e-02
4.670000000000000262e-01 -1.760019999999999987e-02
4.680000000000000271e-01 -1.772759999999999961e-02
4.689999999999999725e-01 -1.785460000000000172e-02
4.699999999999999734e-01 -1.798380000000000117e-02
4.709999999999999742e-01 -1.811520000000000144e-02
4.719999999999999751e-01 -1.824900000000000133e-02
4.729999999999999760e-01 -1.838350000000000053e-02
4.739999999999999769e-01 -1.851939999999999836e-02
4.749999999999999778e-01 -1.865669999999999829e-02
4.759999999999999787e-01 -1.879389999999999880e-02
4.769999999999999796e-01 -1.892920000000000019e-02
4.779999999999999805e-01 -1.906290000000000068e-02
4.789999999999999813e-01 -1.919519999999999907e-02
4.799999999999999822e-01 -1.932510000000000130e-02
4.809999999999999831e-01 -1.945090000000000013e-02
4.819999999999999840e-01 -1.957400000000000112e-02
4.829999999999999849e-01 -1.969469999999999901e-02
4.839999999999999858e-01 -1.981360000000000066e-02
4.849999999999999867e-01 -1.992870000000000058e-02
4.859999999999999876e-01 -2.004310000000000119e-02
4.869999999999999885e-01 -2.015700000000000131e-02
4.879999999999999893e-01 -2.027220000000000064e-02
4.889999999999999902e-01 -2.038649999999999837e-02
4.899999999999999911e-01 -2.050309999999999980e-02
4.909999999999999920e-01 -2.062239999999999907e-02
4.919999999999999929e-01 -2.074459999999999846e-02
4.929999999999999938e-01 -2.086769999999999944e-02
4.939999999999999947e-01 -2.099219999999999905e-02
4.949999999999999956e-01 -2.111849999999999838e-02
4.959999999999999964e-01 -2.124480000000000118e-02
4.969999999999999973e-01 -2.136870000000000089e-02
4.979999999999999982e-01 -2.149030000000000037e-02
4.989999999999999991e-01 -2.161019999999999955e-02
5.000000000000000000e-01 -2.172719999999999860e-02
5.010000000000000009e-01 -2.183890000000000137e-02
5.020000000000000018e-01 -2.194689999999999835e-02
5.030000000000000027e-01 -2.205179999999999987e-02
5.040000000000000036e-01 -2.215419999999999889e-02
5.050000000000000044e-01 -2.225169999999999926e-02
5.060000000000000053e-01 -2.234770000000000159e-02
5.070000000000000062e-01 -2.244300000000000114e-02
5.080000000000000071e-01 -2.253959999999999991e-02
5.090000000000000080e-01 -2.263470000000000065e-02
5.100000000000000089e-01 -2.273220000000000102e-02
5.110000000000000098e-01 -2.283280000000000032e-02
5.120000000000000107e-01 -2.293720000000000134e-02
5.130000000000000115e-01 -2.304219999999999879e-02
5.140000000000000124e-01 -2.314859999999999834e-02
5.150000000000000133e-01 -2.325750000000000040e-02
5.160000000000000142e-01 -2.336639999999999898e-02
5.170000000000000151e-01 -2.347219999999999862e-02
5.180000000000000160e-01 -2.357450000000000170e-02
5.190000000000000169e-01 -2.367469999999999991e-02
5.200000000000000178e-01 -2.377129999999999868e-02
5.210000000000000187e-01 -2.386080000000000145e-02
5.220000000000000195e-01 -2.394479999999999872e-02
5.230000000000000204e-01 -2.402469999999999953e-02
5.240000000000000213e-01 -2.410139999999999852e-02
5.250000000000000222e-01 -2.417120000000000032e-02
5.260000000000000231e-01 -2.423820000000000141e-02
5.270000000000000240e-01 -2.430399999999999922e-02
5.280000000000000249e-01 -2.437140000000000140e-02
5.290000000000000258e-01 -2.443620000000000167e-02
5.300000000000000266e-01 -2.450309999999999988e-02
5.310000000000000275e-01 -2.457389999999999922e-02
5.320000000000000284e-01 -2.464960000000000068e-02
5.330000000000000293e-01 -2.472579999999999917e-02
5.340000000000000302e-01 -2.480310000000000153e-02
5.350000000000000311e-01 -2.488349999999999937e-02
5.360000000000000320e-01 -2.496429999999999830e-02
5.370000000000000329e-01 -2.504069999999999907e-02
5.380000000000000338e-01 -2.511149999999999841e-02
5.390000000000000346e-01 -2.517959999999999990e-02
5.400000000000000355e-01 -2.524260000000000045e-02
5.410000000000000364e-01 -2.529580000000000023e-02
5.420000000000000373e-01 -2.534010000000000082e-02
5.430000000000000382e-01 -2.537870000000000056e-02
5.440000000000000391e-01 -2.541260000000000047e-02
5.450000000000000400e-01 -2.543660000000000018e-02
5.460000000000000409e-01 -2.545499999999999846e-02
5.470000000000000417e-01 -2.547129999999999880e-02
5.480000000000000426e-01 -2.548939999999999886e-02
5.490000000000000435e-01 -2.550339999999999899e-02
5.500000000000000444e-01 -2.551799999999999902e-02
5.510000000000000453e-01 -2.553789999999999880e-02
5.520000000000000462e-01 -2.556430000000000161e-02
5.530000000000000471e-01 -2.559130000000000085e-02
5.540000000000000480e-01 -2.561779999999999960e-02
5.550000000000000488e-01 -2.564869999999999997e-02
5.560000000000000497e-01 -2.567960000000000034e-02
5.570000000000000506e-01 -2.570389999999999828e-02
5.580000000000000515e-01 -2.571729999999999849e-02
5.590000000000000524e-01 -2.572580000000000006e-02
5.600000000000000533e-01 -2.572549999999999837e-02
5.610000000000000542e-01 -2.570930000000000090e-02
5.620000000000000551e-01 -2.567530000000000159e-02
5.629999999999999449e-01 -2.563019999999999882e-02
5.639999999999999458e-01 -2.557409999999999892e-02
5.649999999999999467e-01 -2.549999999999999836e-02
5.659999999999999476e-01 -2.541020000000000084e-02
5.669999999999999485e-01 -2.531250000000000167e-02
5.679999999999999494e-01 -2.521270000000000108e-02
5.689999999999999503e-01 -2.510209999999999872e-02
5.699999999999999512e-01 -2.498660000000000117e-02
5.709999999999999520e-01 -2.487610000000000168e-02
5.719999999999999529e-01 -2.477470000000000019e-02
5.729999999999999538e-01 -2.467410000000000089e-02
5.739999999999999547e-01 -2.456950000000000106e-02
5.749999999999999556e-01 -2.447140000000000079e-02
5.759999999999999565e-01 -2.436860000000000068e-02
5.769999999999999574e-01 -2.425180000000000044e-02
5.779999999999999583e-01 -2.409990000000000049e-02
5.789999999999999591e-01 -2.392570000000000113e-02
5.799999999999999600e-01 -2.370600000000000138e-02
5.809999999999999609e-01 -2.343049999999999994e-02
5.819999999999999618e-01 -2.306559999999999860e-02
5.829999999999999627e-01 -2.262619999999999909e-02
5.839999999999999636e-01 -2.207680000000000059e-02
5.849999999999999645e-01 -2.140699999999999895e-02
5.859999999999999654e-01 -2.057240000000000110e-02
5.869999999999999662e-01 -1.958970000000000156e-02
5.879999999999999671e-01 -1.843169999999999878e-02
5.889999999999999680e-01 -1.708569999999999880e-02
5.899999999999999689e-01 -1.554649999999999956e-02
5.909999999999999698e-01 -1.383619999999999989e-02
5.919999999999999707e-01 -1.200299999999999978e-02
5.929999999999999716e-01 -1.003459999999999942e-02
5.939999999999999725e-01 -8.000389999999999585e-03
5.949999999999999734e-01 -5.924050000000000149e-03
5.959999999999999742e-01 -3.887110000000000044e-03
5.969999999999999751e-01 -1.875579999999999956e-03
5.979999999999999760e-01 7.029779999999999634e-05
5.989999999999999769e-01 1.921329999999999956e-03
5.999999999999999778e-01 3.655020000000000144e-03
6.009999999999999787e-01 5.286919999999999641e-03
6.019999999999999796e-01 6.839040000000000223e-03
6.029999999999999805e-01 8.275779999999999942e-03
6.039999999999999813e-01 9.611740000000000561e-03
6.049999999999999822e-01 1.086269999999999944e-02
6.059999999999999831e-01 1.207070000000000018e-02
6.069999999999999840e-01 1.319619999999999994e-02
6.079999999999999849e-01 1.425640000000000067e-02
6.089999999999999858e-01 1.527079999999999931e-02
6.099999999999999867e-01 1.628860000000000030e-02
6.109999999999999876e-01 1.725569999999999882e-02
6.119999999999999885e-01 1.818370000000000056e-02
6.129999999999999893e-01 1.909200000000000133e-02
6.139999999999999902e-01 2.003030000000000088e-02
6.149999999999999911e-01 2.093839999999999937e-02
6.159999999999999920e-01 2.182310000000000152e-02
6.169999999999999929e-01 2.270609999999999989e-02
6.179999999999999938e-01 2.364650000000000085e-02
6.189999999999999947e-01 2.456869999999999887e-02
6.199999999999999956e-01 2.547630000000000033e-02
6.209999999999999964e-01 2.639460000000000070e-02
6.219999999999999973e-01 2.739919999999999856e-02
6.229999999999999982e-01 2.839219999999999938e-02
6.239999999999999991e-01 2.937609999999999874e-02
6.250000000000000000e-01 3.037619999999999904e-02
6.260000000000000009e-01 3.148179999999999729e-02
6.270000000000000018e-01 3.257990000000000191e-02
6.280000000000000027e-01 3.367200000000000054e-02
6.290000000000000036e-01 3.478950000000000098e-02
6.300000000000000044e-01 3.606349999999999834e-02
6.310000000000000053e-01 3.733249999999999763e-02
6.320000000000000062e-01 3.859739999999999699e-02
6.330000000000000071e-01 3.989029999999999659e-02
6.340000000000000080e-01 4.137230000000000074e-02
6.350000000000000089e-01 4.285089999999999733e-02
6.360000000000000098e-01 4.432660000000000072e-02
6.370000000000000107e-01 4.583519999999999955e-02
6.380000000000000115e-01 4.759689999999999754e-02
6.390000000000000124e-01 4.935609999999999997e-02
6.400000000000000133e-01 5.111310000000000159e-02
6.410000000000000142e-01 5.290969999999999701e-02
6.420000000000000151e-01 5.506679999999999908e-02
6.430000000000000160e-01 5.722209999999999797e-02
6.440000000000000169e-01 5.937579999999999941e-02
6.450000000000000178e-01 6.156869999999999704e-02
6.460000000000000187e-01 6.421119999999999606e-02
6.470000000000000195e-01 6.685230000000000339e-02
6.480000000000000204e-01 6.949230000000000684e-02
6.490000000000000213e-01 7.217830000000000079e-02
6.500000000000000222e-01 7.556839999999999391e-02
6.510000000000000231e-01 7.895739999999999703e-02
6.520000000000000240e-01 8.234550000000000203e-02
6.530000000000000249e-01 8.577490000000000114e-02
6.540000000000000258e-01 9.015030000000000265e-02
6.550000000000000266e-01 9.452499999999999791e-02
6.560000000000000275e-01 9.889889999999999792e-02
6.570000000000000284e-01 1.033040000000000069e-01
6.580000000000000293e-01 1.090829999999999994e-01
6.590000000000000302e-01 1.148610000000000048e-01
6.600000000000000311e-01 1.206389999999999962e-01
6.610000000000000320e-01 1.264220000000000066e-01
6.620000000000000329e-01 1.344100000000000017e-01
6.630000000000000338e-01 1.423979999999999968e-01
6.640000000000000346e-01 1.503849999999999909e-01
6.650000000000000355e-01 1.583720000000000128e-01
6.660000000000000364e-01 1.699940000000000062e-01
6.670000000000000373e-01 1.816810000000000092e-01
6.680000000000000382e-01 1.933680000000000121e-01
6.690000000000000391e-01 2.050549999999999873e-01
6.700000000000000400e-01 2.197850000000000081e-01
6.710000000000000409e-01 2.346350000000000102e-01
6.720000000000000417e-01 2.494850000000000123e-01
6.730000000000000426e-01 2.643340000000000134e-01
6.740000000000000435e-01 2.832100000000000173e-01
6.750000000000000444e-01 3.023319999999999896e-01
6.760000000000000453e-01 3.214549999999999907e-01
6.770000000000000462e-01 3.405770000000000186e-01
6.780000000000000471e-01 3.611059999999999826e-01
6.790000000000000480e-01 3.817550000000000110e-01
6.800000000000000488e-01 4.024030000000000107e-01
6.810000000000000497e-01 4.230510000000000104e-01
6.820000000000000506e-01 4.402240000000000042e-01
6.830000000000000515e-01 4.570190000000000086e-01
6.840000000000000524e-01 4.738140000000000129e-01
6.850000000000000533e-01 4.906090000000000173e-01
6.860000000000000542e-01 5.029700000000000282e-01
6.870000000000000551e-01 5.147359999999999713e-01
6.879999999999999449e-01 5.265030000000000543e-01
6.889999999999999458e-01 5.382689999999999975e-01
6.899999999999999467e-01 5.446530000000000538e-01
6.909999999999999476e-01 5.501730000000000231e-01
6.919999999999999485e-01 5.556929999999999925e-01
6.929999999999999494e-01 5.612129999999999619e-01
6.939999999999999503e-01 5.643860000000000543e-01
6.949999999999999512e-01 5.671190000000000397e-01
6.959999999999999520e-01 5.698509999999999964e-01
6.969999999999999529e-01 5.725820000000000354e-01
6.979999999999999538e-01 5.740979999999999972e-01
6.989999999999999547e-01 5.753489999999999993e-01
6.999999999999999556e-01 5.765989999999999727e-01
7.009999999999999565e-01 5.778499999999999748e-01
7.019999999999999574e-01 5.781009999999999760e-01
7.029999999999999583e-01 5.781039999999999512e-01
7.039999999999999591e-01 5.781070000000000375e-01
7.049999999999999600e-01 5.781100000000000128e-01
7.059999999999999609e-01 5.781129999999999880e-01
7.069999999999999618e-01 5.781159999999999632e-01
7.079999999999999627e-01 5.781190000000000495e-01
7.089999999999999636e-01 5.781209999999999960e-01
7.099999999999999645e-01 5.781239999999999712e-01
7.109999999999999654e-01 5.781269999999999465e-01
7.119999999999999662e-01 5.781290000000000040e-01
7.129999999999999671e-01 5.781319999999999792e-01
7.139999999999999680e-01 5.781340000000000368e-01
7.149999999999999689e-01 5.781359999999999832e-01
7.159999999999999698e-01 5.781380000000000408e-01
7.169999999999999707e-01 5.781410000000000160e-01
7.179999999999999716e-01 5.781429999999999625e-01
7.189999999999999725e-01 5.781450000000000200e-01
7.199999999999999734e-01 5.781469999999999665e-01
7.209999999999999742e-01 5.781490000000000240e-01
7.219999999999999751e-01 5.781509999999999705e-01
7.229999999999999760e-01 5.781530000000000280e-01
7.239999999999999769e-01 5.781539999999999457e-01
7.249999999999999778e-01 5.781560000000000032e-01
7.259999999999999787e-01 5.781579999999999497e-01
7.269999999999999796e-01 5.781600000000000072e-01
7.279999999999999805e-01 5.781610000000000360e-01
7.289999999999999813e-01 5.781629999999999825e-01
7.299999999999999822e-01 5.781640000000000112e-01
7.309999999999999831e-01 5.781659999999999577e-01
7.319999999999999840e-01 5.781669999999999865e-01
7.329999999999999849e-01 5.781690000000000440e-01
7.339999999999999858e-01 5.781699999999999617e-01
7.349999999999999867e-01 5.781720000000000192e-01
7.359999999999999876e-01 5.781730000000000480e-01
7.369999999999999885e-01 5.781739999999999657e-01
7.379999999999999893e-01 5.781760000000000232e-01
7.389999999999999902e-01 5.781770000000000520e-01
7.399999999999999911e-01 5.781779999999999697e-01
7.409999999999999920e-01 5.781789999999999985e-01
7.419999999999999929e-01 5.781800000000000272e-01
7.429999999999999938e-01 5.781819999999999737e-01
7.439999999999999947e-01 5.781830000000000025e-01
7.449999999999999956e-01 5.781840000000000312e-01
7.459999999999999964e-01 5.781849999999999490e-01
7.469999999999999973e-01 5.781859999999999777e-01
7.479999999999999982e-01 5.781870000000000065e-01
7.489999999999999991e-01 5.781880000000000353e-01
7.500000000000000000e-01 5.781880000000000353e-01
7.510000000000000009e-01 5.781880000000000353e-01
7.520000000000000018e-01 5.781880000000000353e-01
7.530000000000000027e-01 5.781880000000000353e-01
7.540000000000000036e-01 5.781880000000000353e-01
7.550000000000000044e-01 5.781880000000000353e-01
7.560000000000000053e-01 5.781880000000000353e-01
7.570000000000000062e-01 5.781880000000000353e-01
7.580000000000000071e-01 5.781880000000000353e-01
7.590000000000000080e-01 5.781880000000000353e-01
7.600000000000000089e-01 5.781880000000000353e-01
7.610000000000000098e-01 5.781880000000000353e-01
7.620000000000000107e-01 5.781880000000000353e-01
7.630000000000000115e-01 5.781880000000000353e-01
7.640000000000000124e-01 5.781880000000000353e-01
7.650000000000000133e-01 5.781880000000000353e-01
7.660000000000000142e-01 5.781880000000000353e-01
7.670000000000000151e-01 5.781880000000000353e-01
7.680000000000000160e-01 5.781880000000000353e-01
7.690000000000000169e-01 5.781880000000000353e-01
7.700000000000000178e-01 5.781880000000000353e-01
7.710000000000000187e-01 5.781880000000000353e-01
7.720000000000000195e-01 5.781880000000000353e-01
7.730000000000000204e-01 5.781880000000000353e-01
7.740000000000000213e-01 5.781880000000000353e-01
7.750000000000000222e-01 5.781880000000000353e-01
7.760000000000000231e-01 5.781880000000000353e-01
7.770000000000000240e-01 5.781880000000000353e-01
7.780000000000000249e-01 5.781880000000000353e-01
7.790000000000000258e-01 5.781880000000000353e-01
7.800000000000000266e-01 5.781880000000000353e-01
7.810000000000000275e-01 5.781880000000000353e-01
7.820000000000000284e-01 5.781880000000000353e-01
7.830000000000000293e-01 5.781880000000000353e-01
7.840000000000000302e-01 5.781880000000000353e-01
7.850000000000000311e-01 5.781880000000000353e-01
7.860000000000000320e-01 5.781880000000000353e-01
7.870000000000000329e-01 5.781880000000000353e-01
7.880000000000000338e-01 5.781880000000000353e-01
7.890000000000000346e-01 5.781880000000000353e-01
7.900000000000000355e-01 5.781880000000000353e-01
7.910000000000000364e-01 5.781880000000000353e-01
7.920000000000000373e-01 5.781880000000000353e-01
7.930000000000000382e-01 5.781880000000000353e-01
7.940000000000000391e-01 5.781880000000000353e-01
7.950000000000000400e-01 5.781880000000000353e-01
7.960000000000000409e-01 5.781880000000000353e-01
7.970000000000000417e-01 5.781880000000000353e-01
7.980000000000000426e-01 5.781880000000000353e-01
7.990000000000000435e-01 5.781880000000000353e-01
8.000000000000000444e-01 5.781880000000000353e-01
8.010000000000000453e-01 5.781880000000000353e-01
8.020000000000000462e-01 5.781880000000000353e-01
8.030000000000000471e-01 5.781880000000000353e-01
8.040000000000000480e-01 5.781880000000000353e-01
8.050000000000000488e-01 5.781880000000000353e-01
8.060000000000000497e-01 5.781880000000000353e-01
8.070000000000000506e-01 5.781880000000000353e-01
8.080000000000000515e-01 5.781880000000000353e-01
8.090000000000000524e-01 5.781880000000000353e-01
8.100000000000000533e-01 5.781880000000000353e-01
8.110000000000000542e-01 5.781880000000000353e-01
8.120000000000000551e-01 5.781880000000000353e-01
8.129999999999999449e-01 5.781880000000000353e-01
8.139999999999999458e-01 5.781880000000000353e-01
8.149999999999999467e-01 5.781880000000000353e-01
8.159999999999999476e-01 5.781880000000000353e-01
8.169999999999999485e-01 5.781880000000000353e-01
8.179999999999999494e-01 5.781880000000000353e-01
8.189999999999999503e-01 5.781880000000000353e-01
8.199999999999999512e-01 5.781880000000000353e-01
8.209999999999999520e-01 5.781880000000000353e-01
8.219999999999999529e-01 5.781880000000000353e-01
8.229999999999999538e-01 5.781880000000000353e-01
8.239999999999999547e-01 5.781880000000000353e-01
8.249999999999999556e-01 5.781880000000000353e-01
8.259999999999999565e-01 5.781880000000000353e-01
8.269999999999999574e-01 5.781880000000000353e-01
8.279999999999999583e-01 5.781880000000000353e-01
8.289999999999999591e-01 5.781880000000000353e-01
8.299999999999999600e-01 5.781880000000000353e-01
8.309999999999999609e-01 5.781880000000000353e-01
8.319999999999999618e-01 5.781880000000000353e-01
8.329999999999999627e-01 5.781880000000000353e-01
8.339999999999999636e-01 5.781880000000000353e-01
8.349999999999999645e-01 5.781880000000000353e-01
8.359999999999999654e-01 5.781880000000000353e-01
8.369999999999999662e-01 5.781880000000000353e-01
8.379999999999999671e-01 5.781880000000000353e-01
8.389999999999999680e-01 5.781880000000000353e-01
8.399999999999999689e-01 5.781880000000000353e-01
8.409999999999999698e-01 5.781880000000000353e-01
8.419999999999999707e-01 5.781880000000000353e-01
8.429999999999999716e-01 5.781880000000000353e-01
8.439999999999999725e-01 5.781880000000000353e-01
8.449999999999999734e-01 5.781880000000000353e-01
8.459999999999999742e-01 5.781880000000000353e-01
8.469999999999999751e-01 5.781880000000000353e-01
8.479999999999999760e-01 5.781880000000000353e-01
8.489999999999999769e-01 5.781880000000000353e-01
8.499999999999999778e-01 5.781880000000000353e-01
8.509999999999999787e-01 5.781880000000000353e-01
8.519999999999999796e-01 5.781880000000000353e-01
8.529999999999999805e-01 5.781880000000000353e-01
8.539999999999999813e-01 5.781880000000000353e-01
8.549999999999999822e-01 5.781880000000000353e-01
8.559999999999999831e-01 5.781880000000000353e-01
8.569999999999999840e-01 5.781880000000000353e-01
8.579999999999999849e-01 5.781880000000000353e-01
8.589999999999999858e-01 5.781880000000000353e-01
8.599999999999999867e-01 5.781880000000000353e-01
8.609999999999999876e-01 5.781880000000000353e-01
8.619999999999999885e-01 5.781880000000000353e-01
8.629999999999999893e-01 5.781880000000000353e-01
8.639999999999999902e-01 5.781880000000000353e-01
8.649999999999999911e-01 5.781880000000000353e-01
8.659999999999999920e-01 5.781880000000000353e-01
8.669999999999999929e-01 5.781880000000000353e-01
8.679999999999999938e-01 5.781880000000000353e-01
8.689999999999999947e-01 5.781880000000000353e-01
8.699999999999999956e-01 5.781880000000000353e-01
8.709999999999999964e-01 5.781880000000000353e-01
8.719999999999999973e-01 5.781880000000000353e-01
8.729999999999999982e-01 5.781880000000000353e-01
8.739999999999999991e-01 5.781880000000000353e-01
8.750000000000000000e-01 5.781880000000000353e-01
8.760000000000000009e-01 5.781880000000000353e-01
8.770000000000000018e-01 5.781880000000000353e-01
8.780000000000000027e-01 5.781880000000000353e-01
8.790000000000000036e-01 5.781880000000000353e-01
8.800000000000000044e-01 5.781880000000000353e-01
8.810000000000000053e-01 5.781880000000000353e-01
8.820000000000000062e-01 5.781880000000000353e-01
8.830000000000000071e-01 5.781880000000000353e-01
8.840000000000000080e-01 5.781880000000000353e-01
8.850000000000000089e-01 5.781880000000000353e-01
8.860000000000000098e-01 5.781880000000000353e-01
8.870000000000000107e-01 5.781880000000000353e-01
8.880000000000000115e-01 5.781880000000000353e-01
8.890000000000000124e-01 5.781880000000000353e-01
8.900000000000000133e-01 5.781880000000000353e-01
8.910000000000000142e-01 5.781880000000000353e-01
8.920000000000000151e-01 5.781880000000000353e-01
8.930000000000000160e-01 5.781880000000000353e-01
8.940000000000000169e-01 5.781880000000000353e-01
8.950000000000000178e-01 5.781880000000000353e-01
8.960000000000000187e-01 5.781880000000000353e-01
8.970000000000000195e-01 5.781880000000000353e-01
8.980000000000000204e-01 5.781880000000000353e-01
8.990000000000000213e-01 5.781880000000000353e-01
9.000000000000000222e-01 5.781880000000000353e-01
9.010000000000000231e-01 5.781880000000000353e-01
9.020000000000000240e-01 5.781880000000000353e-01
9.030000000000000249e-01 5.781880000000000353e-01
9.040000000000000258e-01 5.781880000000000353e-01
9.050000000000000266e-01 5.781880000000000353e-01
9.060000000000000275e-01 5.781880000000000353e-01
9.070000000000000284e-01 5.781880000000000353e-01
9.080000000000000293e-01 5.781880000000000353e-01
9.090000000000000302e-01 5.781880000000000353e-01
9.100000000000000311e-01 5.781880000000000353e-01
9.110000000000000320e-01 5.781880000000000353e-01
9.120000000000000329e-01 5.781880000000000353e-01
9.130000000000000338e-01 5.781880000000000353e-01
9.140000000000000346e-01 5.781880000000000353e-01
9.150000000000000355e-01 5.781880000000000353e-01
9.160000000000000364e-01 5.781880000000000353e-01
9.170000000000000373e-01 5.781880000000000353e-01
9.180000000000000382e-01 5.781880000000000353e-01
9.190000000000000391e-01 5.781880000000000353e-01
9.200000000000000400e-01 5.781880000000000353e-01
9.210000000000000409e-01 5.781880000000000353e-01
9.220000000000000417e-01 5.781880000000000353e-01
9.230000000000000426e-01 5.781880000000000353e-01
9.240000000000000435e-01 5.781880000000000353e-01
9.250000000000000444e-01 5.781880000000000353e-01
9.260000000000000453e-01 5.781880000000000353e-01
9.270000000000000462e-01 5.781880000000000353e-01
9.280000000000000471e-01 5.781880000000000353e-01
9.290000000000000480e-01 5.781880000000000353e-01
9.300000000000000488e-01 5.781880000000000353e-01
9.310000000000000497e-01 5.781880000000000353e-01
9.320000000000000506e-01 5.781880000000000353e-01
9.330000000000000515e-01 5.781880000000000353e-01
9.340000000000000524e-01 5.781880000000000353e-01
9.350000000000000533e-01 5.781880000000000353e-01
9.360000000000000542e-01 5.781880000000000353e-01
9.370000000000000551e-01 5.781880000000000353e-01
9.379999999999999449e-01 5.781880000000000353e-01
9.389999999999999458e-01 5.781880000000000353e-01
9.399999999999999467e-01 5.781880000000000353e-01
9.409999999999999476e-01 5.781880000000000353e-01
9.419999999999999485e-01 5.781880000000000353e-01
9.429999999999999494e-01 5.781880000000000353e-01
9.439999999999999503e-01 5.781880000000000353e-01
9.449999999999999512e-01 5.781880000000000353e-01
9.459999999999999520e-01 5.781880000000000353e-01
9.469999999999999529e-01 5.781880000000000353e-01
9.479999999999999538e-01 5.781880000000000353e-01
9.489999999999999547e-01 5.781880000000000353e-01
9.499999999999999556e-01 5.781880000000000353e-01
9.509999999999999565e-01 5.781880000000000353e-01
9.519999999999999574e-01 5.781880000000000353e-01
9.529999999999999583e-01 5.781880000000000353e-01
9.539999999999999591e-01 5.781880000000000353e-01
9.549999999999999600e-01 5.781880000000000353e-01
9.559999999999999609e-01 5.781880000000000353e-01
9.569999999999999618e-01 5.781880000000000353e-01
9.579999999999999627e-01 5.781880000000000353e-01
9.589999999999999636e-01 5.781880000000000353e-01
9.599999999999999645e-01 5.781880000000000353e-01
9.609999999999999654e-01 5.781880000000000353e-01
9.619999999999999662e-01 5.781880000000000353e-01
9.629999999999999671e-01 5.781880000000000353e-01
9.639999999999999680e-01 5.781880000000000353e-01
9.649999999999999689e-01 5.781880000000000353e-01
9.659999999999999698e-01 5.781880000000000353e-01
9.669999999999999707e-01 5.781880000000000353e-01
9.679999999999999716e-01 5.781880000000000353e-01
9.689999999999999725e-01 5.781880000000000353e-01
9.699999999999999734e-01 5.781880000000000353e-01
9.709999999999999742e-01 5.781880000000000353e-01
9.719999999999999751e-01 5.781880000000000353e-01
9.729999999999999760e-01 5.781880000000000353e-01
9.739999999999999769e-01 5.781880000000000353e-01
9.749999999999999778e-01 5.781880000000000353e-01
9.759999999999999787e-01 5.781880000000000353e-01
9.769999999999999796e-01 5.781880000000000353e-01
9.779999999999999805e-01 5.781880000000000353e-01
9.789999999999999813e-01 5.781880000000000353e-01
9.799999999999999822e-01 5.781880000000000353e-01
9.809999999999999831e-01 5.781870000000000065e-01
9.819999999999999840e-01 5.781870000000000065e-01
9.829999999999999849e-01 5.781870000000000065e-01
9.839999999999999858e-01 5.781870000000000065e-01
9.849999999999999867e-01 5.781870000000000065e-01
9.859999999999999876e-01 5.781870000000000065e-01
9.869999999999999885e-01 5.781870000000000065e-01
9.879999999999999893e-01 5.781870000000000065e-01
9.889999999999999902e-01 5.781870000000000065e-01
9.899999999999999911e-01 5.781870000000000065e-01
9.909999999999999920e-01 5.781870000000000065e-01
9.919999999999999929e-01 5.781870000000000065e-01
9.929999999999999938e-01 5.781870000000000065e-01
9.939999999999999947e-01 5.781870000000000065e-01
9.949999999999999956e-01 5.781870000000000065e-01
9.959999999999999964e-01 5.781870000000000065e-01
9.969999999999999973e-01 5.781870000000000065e-01
9.979999999999999982e-01 5.781870000000000065e-01
9.989999999999999991e-01 5.781870000000000065e-01
1.000000000000000000e+00 5.781870000000000065e-01
