       10.000000       -.99990000        4.0068800
       10.161700       -.99990000        4.0085900
       10.326100       -.99990000        4.0103100
       10.493100       -.99990000        4.0120200
       10.662800       -.99990000        4.0137400
       10.835300       -.99990000        4.0154500
       11.010600       -.99990000        4.0171700
       11.188600       -.99990000        4.0188900
       11.369600       -.99990000        4.0206000
       11.553500       -.99990000        4.0223200
       11.740400       -.99990000        4.0240400
       11.930300       -.99990000        4.0257600
       12.123200       -.99990000        4.0001300
       12.319300       -.99990000        3.9592400
       12.518600       -.99990000        3.9187600
       12.721000       -.99990000        3.8787000
       12.926800       -.99990000        3.8390500
       13.135900       -.99990000        3.7998100
       13.348300       -.99990000        3.7609600
       13.564200       -.99990000        3.7225200
       13.783600       -.99990000        3.6844600
       14.006600       -.99990000        3.6450800
       14.233100       -.99990000        3.5501400
       14.463300       -.99990000        3.4576900
       14.697300       -.99990000        3.3676400
       14.935000       -.99990000        3.2799300
       15.176500       -.99990000        3.1945100
       15.422000       -.99990000        3.1113100
       15.671400       -.99990000        3.0302800
       15.924900       -.99990000        2.9513600
       16.182500       -.99990000        2.8311000
       16.444200       -.99990000        2.6986500
       16.710200       -.99990000        2.5724100
       16.980500       -.99990000        2.4520600
       17.255100       -.99990000        2.3373500
       17.534200       -.99990000        2.2280100
       17.817800       -.99990000        2.1237800
       18.106000       -.99990000        1.9755100
       18.398900       -.99990000        1.7613400
       18.696400       -.99990000        1.5704000
       18.998800       -.99990000        1.4001500
       19.306100       -.99990000        1.2483700
       19.618400       -.99990000        1.1130300
       19.935700       -.99990000       0.99237100
       20.258200       -.99990000       0.86230900
       20.585800       -.99990000       0.75354500
       20.918800       -.99990000       0.69885300
       21.257100       -.99990000       0.64813100
       21.600900       -.99990000       0.60253400
       21.950300       -.99990000       0.56151700
       22.305300       -.99990000       0.52329200
       22.666100       -.99990000       0.49690500
       23.032700       -.99990000       0.47808300
       23.405300       -.99990000       0.45997400
       23.783800       -.99990000       0.44255200
       24.168500       -.99990000       0.42578900
       24.559400       -.99990000       0.41310600
       24.956600       -.99990000       0.40304900
       25.360300       -.99990000       0.39323600
       25.770500       -.99990000       0.38366300
       26.187300       -.99990000       0.37432300
       26.610900       -.99990000       0.36520900
       27.041300       -.99990000       0.36628400
       27.478600       -.99990000       0.36736900
       27.923100       -.99990000       0.36845800
       28.374700       -.99990000       0.36954900
       28.833700       -.99990000       0.37064400
       29.300000        3.8381000       0.37174200
       29.773900        3.8111300       0.37284400
       30.255500        3.7851000       0.37394900
       30.744900        3.7598600       0.37505700
       31.242100        3.7344300       0.37616800
       31.747500        3.7093500       0.37808200
       32.260900        3.6852300       0.38199000
       32.782700        3.6627200       0.38594000
       33.313000        3.6412100       0.38993000
       33.851800        3.6205000       0.39396200
       34.399300        3.6004700       0.39803500
       34.955700        3.5810500       0.40215100
       35.521100        3.5621500       0.40630900
       36.095600        3.5437500       0.41051000
       36.679400        3.5257900       0.41475400
       37.272700        3.5082600       0.41904200
       37.875500        3.4911700       0.42337500
       38.488200        3.4745600       0.42775200
       39.110700        3.4587200       0.43217500
       39.743200        3.4440700       0.43554200
       40.386100        3.4290600       0.43714000
       41.039300        3.4125300       0.43874400
       41.703100        3.3956600       0.44035300
       42.377600        3.3783900       0.44196800
       43.063000        3.3607400       0.44358900
       43.759500        3.3426900       0.44521600
       44.467300        3.3242600       0.44684900
       45.186500        3.3054300       0.44848800
       45.917400        3.2863400       0.45013300
       46.660000        3.2668000       0.45119100
       47.414700        3.2464200       0.45197300
       48.181600        3.2249700       0.45275600
       48.960900        3.2026500       0.45354000
       49.752800        3.1793800       0.45432600
       50.557600        3.1550600       0.45511200
       51.375300        3.1296400       0.45590100
       52.206200        3.1021900       0.45669100
       53.050600        3.0730900       0.45829600
       53.908700        3.0434000       0.46194100
       54.780600        3.0134500       0.46561600
       55.666700        2.9826300       0.46931900
       56.567000        2.9506600       0.47305200
       57.482000        2.9172800       0.47681500
       58.411700        2.8816600       0.48060800
       59.356400        2.8419900       0.48443100
       60.316500        2.8016000       0.49493400
       61.292100        2.7629100       0.50649400
       62.283400        2.7249000       0.51832500
       63.290800        2.6872300       0.53043200
       64.314500        2.6502300       0.54282200
       65.354700        2.6167900       0.55488300
       66.411800        2.5806200       0.55896000
       67.485900        2.5408000       0.56306800
       68.577500        2.4994100       0.56720600
       69.686700        2.4586500       0.57137400
       70.813800        2.4195500       0.56678700
       71.959100        2.3698900       0.55295000
       73.123000        2.3109300       0.53945300
       74.305700        2.2477400       0.52628400
       75.507600        2.1812700       0.50475300
       76.728900        2.0976300       0.47739300
       77.969900        1.9955500       0.45151600
       79.231000        1.8789000       0.42735700
       80.512500        1.7490900       0.42261500
       81.814700        1.6164400       0.41792500
       83.138000        1.4737000       0.41328800
       84.482700        1.3118700       0.40931900
       85.849100        1.1361000       0.41594000
       87.237700       0.94949900       0.42266700
       88.648700       0.74151300       0.42950400
       90.082500       0.50592000       0.43645100
       91.539500       0.23265000       0.44491900
       93.020100     -0.089726500       0.45652200
       94.524600      -0.48391300       0.46842700
       96.053500       -1.0019900       0.48064200
       97.607100       -1.7798500       0.49317600
       99.185800       -3.5690800       0.50603600
       99.700000       -6.1800100       0.51025200
       99.900000       -6.0587400        4.6074200
       100.79000       -2.4941400        4.3679000
       102.42000       -1.4101200        3.9658400
       104.07700       -1.5907600        3.6734400
       105.76000       -1.8639300        4.0673800
       107.47100       -1.9140700        4.5984600
       109.20900       -1.9192600        4.9889400
       110.97500       -1.9079600        5.4489100
       112.77000       -1.8468600        5.9151700
       114.59400       -1.8931900        6.3681400
       116.44800       -1.7863500        7.1534100
       118.33100       -1.2963900        7.8403400
       120.24500      -0.72622700        8.2025800
       122.19000      -0.27785200        8.5333000
       124.16600       0.17320000        8.7250800
       126.17500       0.52566000        8.9108500
       128.21500       0.84199000        9.1556900
       130.28900        1.2296200        9.4847200
       132.39700        1.9094600        9.7501600
       134.53800        2.6832000        9.5984200
       136.71400        2.9247000        9.1498500
       138.92500        2.9383200        9.0780400
       141.17200        2.9776000        9.1871300
       143.45600        3.1269900        9.2460900
       145.77600        3.2876000        9.5101400
       148.13400        3.6054600        9.6834000
       150.53000        3.8085000        9.7472100
       152.96400        4.1818100        10.058800
       155.43900        4.5001100        9.6368600
       157.95300        4.4174200        9.8635000
       160.50700        4.5794900        10.182400
       163.10300        5.0171800        10.584800
       165.74200        5.5391200        10.780300
       168.42200        6.2506200        10.931100
       171.14600        7.0480300        10.797700
       173.91500        7.5993600        10.229900
       176.72700        7.7304200        9.6963000
       179.58600        7.6833700        9.4475800
       182.49100        7.7538200        9.4315500
       185.44200        7.9252600        9.3551300
       188.44200        8.0928100        9.2787200
       191.48900        8.2614800        9.1912500
       194.58700        8.4272500        9.1046100
       197.73400        8.5877800        9.0187800
       200.93200        8.7425900        8.9337600
       204.18200        8.8878700        8.8587400
       207.48500        9.0412500        8.7940100
       210.84000        9.1993800        8.7297500
       214.25100        9.3623300        8.6659600
       217.71600        9.5325100        8.6026300
       221.23700        9.7187100        8.5390000
       224.81600        9.9019000        8.4267400
       228.45200        10.067200        8.3159600
       232.14700        10.217500        8.2066400
       235.90200        10.361500        8.0987500
       239.71700        10.500700        7.9922900
       243.59500        10.636900        7.8872100
       247.53500        10.775000        7.7835300
       251.53800        10.909200        7.6668300
       255.60700        11.035200        7.5464100
       259.74100        11.149900        7.4278800
       263.94200        11.258900        7.3112100
       268.21100        11.363000        7.1963800
       272.54900        11.462600        7.0833400
       276.95700        11.558500        6.9720900
       281.43700        11.651100        6.8625800
       285.98900        11.740900        6.7547900
       290.61500        11.828400        6.6486900
       295.31500        11.916500        6.5442600
       300.09200        12.002900        6.4372400
       304.94500        12.084900        6.3261000
       309.87800        12.160900        6.2168800
       314.89000        12.233100        6.1095500
       319.98300        12.302200        6.0040600
       325.15800        12.368700        5.9004000
       330.41800        12.433000        5.7985300
       335.76200        12.495300        5.6984100
       341.19200        12.556300        5.6000300
       346.71100        12.616200        5.5033400
       352.31900        12.675600        5.4083200
       358.01700        12.736900        5.3149500
       363.80800        12.801400        5.2231900
       369.69200        12.872600        5.1164800
       375.67200        12.928600        5.0032300
       381.74800        12.976600        4.8924900
       387.92200        13.019300        4.7842000
       394.19700        13.057800        4.6783100
       400.57300        13.092800        4.5747600
       407.05200        13.124900        4.4735000
       413.63500        13.154300        4.3744800
       420.32600        13.181400        4.2776500
       427.12400        13.206400        4.1829700
       434.03200        13.229700        4.0903800
       441.05200        13.251400        3.9998400
       448.18600        13.271700        3.9113100
       455.43500        13.292300        3.8247300
       462.80200        13.312500        3.7396600
       470.28700        13.331400        3.6502000
       477.89400        13.345900        3.5628800
       485.62300        13.357900        3.4776500
       493.47800        13.367800        3.3944500
       501.45900        13.376000        3.3132500
       509.57000        13.382700        3.2339900
       517.81200        13.388100        3.1566300
       526.18700        13.392300        3.0811100
       534.69800        13.395600        3.0074100
       543.34600        13.397900        2.9354600
       552.13400        13.399500        2.8652400
       561.06500        13.400500        2.7966900
       570.13900        13.401000        2.7297900
       579.36100        13.403200        2.6644900
       588.73200        13.405100        2.5977600
       598.25400        13.404400        2.5294400
       607.93000        13.400900        2.4629100
       617.76300        13.395600        2.3981300
       627.75500        13.389000        2.3350600
       637.90800        13.381100        2.2736500
       648.22600        13.372100        2.2138500
       658.71100        13.362100        2.1556200
       669.36500        13.351000        2.0989200
       680.19100        13.338700        2.0437200
       691.19300        13.324700        1.9899700
       702.37200        13.308900        1.9403800
       713.73300        13.294400        1.8944100
       725.27700        13.281300        1.8495300
       737.00800        13.268800        1.8057200
       748.92800        13.256600        1.7629400
       761.04200        13.244800        1.7211800
       773.35100        13.233200        1.6804000
       785.85900        13.222400        1.6406000
       798.57000        13.214000        1.6010600
       811.48600        13.204500        1.5583800
       824.61100        13.192200        1.5168500
       837.94900        13.179100        1.4764200
       851.50200        13.165500        1.4370700
       865.27400        13.151400        1.3987600
       879.26900        13.137000        1.3614800
       893.49100        13.124100        1.3251900
       907.94300        13.111200        1.2874800
       922.62800        13.095900        1.2484200
       937.55100        13.078500        1.2105500
       952.71500        13.059900        1.1738300
       968.12400        13.040100        1.1382300
       983.78300        13.019400        1.1037000
       999.69500        12.997800        1.0701900
       1015.8600        12.975300        1.0376200
       1032.2900        12.951800        1.0060500
       1048.9900        12.927400       0.97542900
       1065.9600        12.901900       0.94574500
       1083.2000        12.874700       0.91696400
       1100.7200        12.844900       0.89081400
       1118.5200        12.816400       0.86759500
       1136.6100        12.788600       0.84492400
       1155.0000        12.760600       0.82284900
       1173.6800        12.732000       0.80135800
       1192.6600        12.702900       0.78040300
       1211.9500        12.672900       0.75995000
       1231.5500        12.642000       0.73997200
       1251.4700        12.610000       0.72052000
       1271.7200        12.576800       0.70158300
       1292.2900        12.542200       0.68314500
       1313.1900        12.506100       0.66503500
       1334.4300        12.468100       0.64737700
       1356.0100        12.428100       0.63016400
       1377.9400        12.385700       0.61341100
       1400.2300        12.340800       0.59706300
       1422.8800        12.292800       0.58108100
       1445.8900        12.241200       0.56549300
       1469.2800        12.185700       0.55031900
       1493.0400        12.125600       0.53555300
       1517.1900        12.059900       0.52057400
       1541.7300        11.987200       0.50590000
       1566.6700        11.906000       0.49158600
       1592.0100        11.814500       0.47768300
       1617.7600        11.710300       0.46417200
       1643.9200        11.589500       0.45103700
       1670.5100        11.446800       0.43827500
       1697.5300        11.273600       0.42587600
       1724.9900        11.055300       0.41383000
       1752.8900        10.764400       0.40167200
       1781.2400        10.337500       0.38971800
       1810.0500        9.5698100       0.37800200
       1838.8000        2.8341900       0.36683800
       1839.0000        2.8358700        4.1573400
       1839.3200        4.5805500        4.1563200
       1869.0700        9.8250100        4.0645200
       1899.3000        10.724100        3.9747500
       1930.0200        11.267200        3.8868800
       1961.2400        11.660000        3.8009300
       1992.9600        11.967900        3.7168800
       2025.2000        12.224600        3.6369800
       2057.9500        12.443200        3.5538500
       2091.2400        12.631200        3.4718100
       2125.0600        12.796300        3.3909500
       2159.4300        12.942800        3.3112300
       2194.3600        13.073900        3.2327400
       2229.8500        13.192100        3.1555300
       2265.9200        13.299100        3.0795600
       2302.5700        13.396600        3.0049800
       2339.8100        13.485600        2.9315700
       2377.6600        13.567000        2.8593800
       2416.1100        13.641800        2.7886400
       2455.1900        13.710500        2.7191300
       2494.9000        13.773600        2.6509900
       2535.2600        13.831900        2.5841700
       2576.2600        13.885700        2.5186900
       2617.9300        13.935400        2.4544500
       2660.2700        13.981100        2.3914800
       2703.3000        14.023400        2.3299400
       2747.0300        14.062500        2.2695500
       2791.4600        14.098400        2.2104400
       2836.6100        14.131700        2.1527700
       2882.4900        14.162400        2.0962000
       2929.1100        14.190600        2.0408500
       2976.4800        14.216500        1.9868100
       3024.6300        14.240400        1.9339900
       3073.5500        14.262300        1.8823400
       3123.2600        14.282400        1.8318700
       3173.7800        14.300800        1.7825600
       3225.1100        14.317600        1.7344200
       3277.2700        14.332800        1.6874100
       3330.2800        14.346700        1.6415000
       3384.1500        14.359200        1.5966900
       3438.8800        14.370500        1.5529600
       3494.5000        14.380700        1.5103100
       3551.0200        14.389700        1.4686700
       3608.4600        14.397700        1.4280700
       3666.8200        14.404800        1.3884800
       3726.1300        14.411000        1.3498900
       3786.4000        14.416400        1.3122500
       3847.6400        14.420900        1.2755500
       3909.8700        14.424700        1.2397900
       3973.1100        14.427900        1.2049500
       4037.3800        14.430400        1.1710000
       4102.6800        14.432300        1.1379100
       4169.0300        14.433600        1.1056900
       4236.4600        14.434400        1.0743200
       4304.9800        14.434800        1.0437500
       4374.6200        14.434600        1.0139800
       4445.3700        14.434100       0.98500800
       4517.2700        14.433100       0.95680800
       4590.3300        14.431800       0.92933500
       4664.5800        14.430100       0.90261100
       4740.0300        14.428100       0.87659200
       4816.6900        14.425900       0.85128900
       4894.6000        14.423300       0.82667100
       4973.7700        14.420500       0.80270000
       5054.2100        14.417500       0.77940600
       5135.9600        14.414300       0.75671300
       5219.0300        14.410900       0.73464800
       5303.4400        14.407300       0.71321800
       5389.2200        14.403600       0.69235300
       5476.3900        14.399700       0.67206800
       5564.9700        14.395700       0.65235800
       5654.9800        14.391600       0.63317200
       5746.4400        14.387400       0.61453200
       5839.3900        14.383100       0.59642200
       5933.8300        14.378800       0.57882500
       6029.8100        14.374400       0.56169200
       6127.3300        14.369900       0.54506200
       6226.4400        14.365400       0.52889500
       6327.1500        14.360900       0.51319700
       6429.4800        14.356300       0.49789600
       6533.4800        14.351800       0.48309300
       6639.1500        14.347200       0.46867500
       6746.5400        14.342700       0.45466800
       6855.6500        14.338200       0.44106900
       6966.5400        14.333700       0.42786100
       7079.2200        14.329300       0.41502900
       7193.7200        14.324900       0.40256400
       7310.0700        14.320600       0.39046200
       7428.3100        14.316300       0.37870400
       7548.4500        14.312200       0.36728900
       7670.5400        14.308100       0.35620700
       7794.6100        14.304200       0.34544600
       7920.6800        14.300500       0.33499300
       8048.7900        14.296900       0.32484800
       8178.9800        14.293500       0.31499400
       8311.2600        14.290300       0.30543200
       8445.6900        14.287400       0.29615300
       8582.2900        14.284900       0.28713800
       8721.1100        14.282800       0.27838800
       8862.1600        14.281300       0.26989900
       9005.5000        14.280600       0.26165800
       9151.1600        14.281100       0.25366000
       9299.1700        14.283400       0.24589500
       9449.5800        14.289000       0.23836300
       9602.4200        14.302700       0.23105000
       9757.7300        14.351200       0.22395600
       9915.5500        14.308500       0.21707100
       10075.900        14.251200       0.21039100
       10238.900        14.237000       0.20390900
       10404.500        14.222000       0.19762000
       10572.800        14.209300       0.19151900
       10743.800        14.198300       0.18559900
       10917.600        14.188500       0.17985500
       11094.200        14.179700       0.17428400
       11273.600        14.171700       0.16887800
       11455.900        14.164300       0.16363500
       11641.200        14.157500       0.15854900
       11829.500        14.151100       0.15361500
       12020.800        14.145200       0.14882900
       12215.300        14.139500       0.14418700
       12412.800        14.134200       0.13968500
       12613.600        14.129200       0.13531800
       12817.600        14.124500       0.13108300
       13025.000        14.120000       0.12697500
       13235.600        14.115700       0.12299100
       13449.700        14.111600       0.11912800
       13667.200        14.107700       0.11538200
       13888.300        14.103900       0.11174900
       14112.900        14.100300       0.10822500
       14341.200        14.096900       0.10480900
       14573.100        14.093600       0.10149600
       14808.900        14.090400      0.098284000
       15048.400        14.087400      0.095169300
       15291.800        14.084400      0.092149300
       15539.100        14.081600      0.089221100
       15790.400        14.078900      0.086382000
       16045.800        14.076300      0.083629500
       16305.400        14.073700      0.080960700
       16569.100        14.071300      0.078373400
       16837.100        14.068900      0.075865000
       17109.400        14.066700      0.073433300
       17386.100        14.064500      0.071075800
       17667.400        14.062300      0.068790400
       17953.100        14.060300      0.066574900
       18243.500        14.058300      0.064427200
       18538.600        14.056400      0.062345400
       18838.400        14.054500      0.060327300
       19143.100        14.052700      0.058371100
       19452.700        14.051000      0.056474900
       19767.400        14.049300      0.054636900
       20087.100        14.047600      0.052853800
       20412.000        14.046000      0.051128500
       20742.100        14.044500      0.049458100
       21077.600        14.043000      0.047840900
       21418.500        14.041500      0.046275400
       21765.000        14.040100      0.044759600
       22117.000        14.038800      0.043292400
       22474.700        14.037500      0.041872000
       22838.200        14.036200      0.040496900
       23207.600        14.034900      0.039165800
       23583.000        14.033700      0.037877400
       23964.400        14.032600      0.036630200
       24352.000        14.031400      0.035423000
       24745.900        14.030300      0.034254500
       25146.200        14.029300      0.033123500
       25552.900        14.028300      0.032028900
       25966.200        14.027300      0.030969400
       26386.100        14.026300      0.029944000
       26812.900        14.025400      0.028951600
       27246.600        14.024500      0.027991200
       27687.300        14.023600      0.027061800
       28135.100        14.022800      0.026162300
       28590.200        14.022000      0.025291900
       29052.600        14.021200      0.024449700
       29522.500        14.020800      0.023634600
       30000.000        14.019700      0.022846000
       30400.000        14.026200      0.022450600
       30800.000        14.025300      0.021831100
       31200.000        14.024500      0.021236300
       31500.000        14.023800      0.020805600
       31900.000        14.023000      0.020251100
       32300.000        14.022300      0.019718000
       32600.000        14.021700      0.019331600
       33000.000        14.020900      0.018833400
       33400.000        14.020200      0.018352300
       33800.000        14.019500      0.017888900
       34100.000        14.019000      0.017552600
       34500.000        14.018300      0.017118400
       34900.000        14.017700      0.016699800
       35300.000        14.017100      0.016294700
       35700.000        14.016500      0.015903500
       36030.000        14.016000      0.015591000
       36500.000        14.015300      0.015161300
       37000.000        14.014600      0.014722900
       37500.000        14.014000      0.014302800
       38000.000        14.013300      0.013900000
       38500.000        14.012700      0.013512300
       39000.000        14.012100      0.013140200
       39500.000        14.011500      0.012782900
       40000.000        14.010900      0.012439700
       40400.000        14.010500      0.012173500
       40800.000        14.010100      0.011915600
       41100.000        14.009800      0.011727400
       41500.000        14.009400      0.011483100
       41900.000        14.009000      0.011246200
       42300.000        14.008500      0.011016300
       43000.000        14.007800      0.010630300
       43800.000        14.007200      0.010212800
       44500.000        14.006600     0.0098668700
       45300.000        14.005900     0.0094914700
       46000.000        14.005300     0.0091790000
       46500.000        14.004900     0.0089649100
       47000.000        14.004600     0.0087580200
       47500.000        14.004200     0.0085580200
       48000.000        14.003800     0.0083646200
       48500.000        14.003500     0.0081775400
       49000.000        14.003200     0.0079965100
       49500.000        14.002800     0.0078212500
       50000.000        14.002500     0.0076515500
       50500.000        14.002200     0.0074864600
       51000.000        14.001900     0.0073265000
       51500.000        14.001700     0.0071714800
       52000.000        14.001400     0.0070212000
       52500.000        14.001100     0.0068754600
       53000.000        14.000800     0.0067340900
       53500.000        14.000500     0.0065969100
       54000.000        14.000300     0.0064637600
       54500.000        14.000000     0.0063342900
       54650.000        13.999900     0.0062961700
       54800.000        13.999900     0.0062583900
       54820.000        13.999900     0.0062533700
       54835.000        13.999900     0.0062496100
       54850.000        13.999900     0.0062458600
       54855.000        13.999900     0.0062416600
       54860.000        13.999900     0.0062316500
       54870.000        13.999800     0.0062291600
       54900.000        13.999800     0.0062217000
       54950.000        13.999800     0.0062092800
       55000.000        13.999800     0.0061969100
       55150.000        13.999700     0.0061600000
       55300.000        13.999600     0.0061234100
       55500.000        13.999600     0.0060751000
       56000.000        13.999300     0.0059566500
       56800.000        13.998900     0.0057737800
       57530.000        13.998600     0.0056137600
       58000.000        13.998400     0.0055141300
       58500.000        13.998200     0.0054109500
       59540.000        13.997800     0.0052051500
       59800.000        13.997700     0.0051554800
       60000.000        13.997600     0.0051177400
       60800.000        13.997300     0.0049703200
       61500.000        13.997100     0.0048463300
       62300.000        13.996800     0.0047100700
       63000.000        13.996600     0.0045953500
       64000.000        13.996200     0.0044384000
       65000.000        13.995900     0.0042891100
       65900.000        13.995600     0.0041609100
       66830.000        13.995300     0.0040342100
       67400.000        13.995100     0.0039593100
       68000.000        13.995000     0.0038826200
       69000.000        13.994700     0.0037595400
       70000.000        13.994400     0.0036420400
       71000.000        13.994200     0.0035294800
       72000.000        13.994000     0.0034219100
       72800.000        13.993800     0.0033392500
       73500.000        13.993600     0.0032692700
       74200.000        13.993500     0.0032014100
       74960.000        13.993300     0.0031300100
       75500.000        13.993200     0.0030806900
       76000.000        13.993100     0.0030360100
       77110.000        13.992900     0.0029401400
       78600.000        13.992600     0.0028182000
       79300.000        13.992400     0.0027634400
       80000.000        13.992300     0.0027102200
       81500.000        13.992100     0.0026009100
       83000.000        13.991900     0.0024978900
       84000.000        13.991700     0.0024324700
       85000.000        13.991600     0.0023695000
       86500.000        13.991300     0.0022794000
       88000.000        13.991100     0.0021941900
       89000.000        13.990900     0.0021399300
       90000.000        13.990800     0.0020875900
       91500.000        13.990600     0.0020124600
       93000.000        13.990400     0.0019411900
       94000.000        13.990300     0.0018957000
       95000.000        13.990200     0.0018517300
       96500.000        13.990000     0.0017885100
       98000.000        13.989900     0.0017283700
       99000.000        13.989800     0.0016899000
       99500.000        13.989700     0.0016711300
       100000.00        13.989700     0.0016526500