3.000000000000000000e+03	4.708600580798910558e+07
3.150000000000000000e+03	2.243072909957646430e+08
3.300000000000000000e+03	8.673533802732206583e+08
3.450000000000000000e+03	3.080627429573768616e+09
3.600000000000000000e+03	1.174274048779642868e+10
3.750000000000000000e+03	3.976264968194401550e+10
3.900000000000000000e+03	2.375884519953757324e+11
4.050000000000000000e+03	9.787381815149691406e+12
4.200000000000000000e+03	6.498715266282885938e+13
4.350000000000000000e+03	1.818151401589971680e+12
4.500000000000000000e+03	5.934275082056232910e+11
4.650000000000000000e+03	3.533015750282971191e+11
4.800000000000000000e+03	3.049729221758680420e+11
4.950000000000000000e+03	2.818665350268851318e+11
5.100000000000000000e+03	3.055653680309428711e+11
5.250000000000000000e+03	3.351930262738158569e+11
5.400000000000000000e+03	4.110738947650531006e+11
5.550000000000000000e+03	5.035318679182642212e+11
5.700000000000000000e+03	6.586464933906517334e+11
5.850000000000000000e+03	9.079485720023858643e+11
6.000000000000000000e+03	1.316470486189837646e+12
6.150000000000000000e+03	2.178381049233861084e+12
6.300000000000000000e+03	6.513141289684477539e+12
6.450000000000000000e+03	4.048880509180688281e+13
6.600000000000000000e+03	1.723890813070685312e+14
6.750000000000000000e+03	3.872115579213006250e+14
6.900000000000000000e+03	7.325988927535791250e+14
7.050000000000000000e+03	1.207510068266907000e+15
7.200000000000000000e+03	4.765272554188210938e+13
7.350000000000000000e+03	1.159203202153817773e+13
7.500000000000000000e+03	6.079917988458413086e+12
7.650000000000000000e+03	4.604502505923597656e+12
7.800000000000000000e+03	7.038844117445441406e+12
7.950000000000000000e+03	5.050819219130232812e+13
8.100000000000000000e+03	2.189482247217616250e+14
8.250000000000000000e+03	3.288071044715639375e+14
8.400000000000000000e+03	2.492226170383060000e+14
8.550000000000000000e+03	1.613454000290835156e+13
8.700000000000000000e+03	2.819988046917916016e+12
8.850000000000000000e+03	1.729722896623444824e+12
9.000000000000000000e+03	1.299173683362248291e+12
9.150000000000000000e+03	1.051331962693610962e+12
9.300000000000000000e+03	9.099011310717670898e+11
9.450000000000000000e+03	8.208690480357180176e+11
9.600000000000000000e+03	7.469556735390667725e+11
9.750000000000000000e+03	7.051152301058726807e+11
9.900000000000000000e+03	6.790822947023122559e+11
1.005000000000000000e+04	6.544486410558333740e+11
1.020000000000000000e+04	6.492636798296141357e+11
1.035000000000000000e+04	6.530455230713095703e+11
1.050000000000000000e+04	6.583260771559006348e+11
1.065000000000000000e+04	6.814714849765472412e+11
1.080000000000000000e+04	7.143371594077883301e+11
1.095000000000000000e+04	7.550823427833068848e+11
1.110000000000000000e+04	8.204210002538157959e+11
1.125000000000000000e+04	9.074112233475169678e+11
1.140000000000000000e+04	1.030098142505338501e+12
1.155000000000000000e+04	1.293038573774096436e+12
1.170000000000000000e+04	2.322207296451590820e+12
1.185000000000000000e+04	6.131927507485319336e+12
1.200000000000000000e+04	1.211693581583496484e+13
1.215000000000000000e+04	1.253064068802575781e+13
1.230000000000000000e+04	2.566538137443400391e+13
1.245000000000000000e+04	1.325503288528280625e+14
1.260000000000000000e+04	6.126343238391310000e+14
1.275000000000000000e+04	1.032229521184407125e+15
1.290000000000000000e+04	1.130353523011852812e+14
1.305000000000000000e+04	2.033575809556974688e+14
1.320000000000000000e+04	3.385186014214266875e+14
1.335000000000000000e+04	4.592545580181496250e+14
1.350000000000000000e+04	5.240503141714334375e+14
1.365000000000000000e+04	5.301209959206701875e+14
1.380000000000000000e+04	4.900771154534123750e+14
1.395000000000000000e+04	3.874370105708766250e+14
1.410000000000000000e+04	2.096568584839465938e+14
1.425000000000000000e+04	2.575304466589898047e+13
1.440000000000000000e+04	4.868539000686135742e+12
1.455000000000000000e+04	3.014377871750343262e+12
1.470000000000000000e+04	2.224050085552487793e+12
1.485000000000000000e+04	1.805845424542229736e+12
1.500000000000000000e+04	1.573262527513736084e+12
1.515000000000000000e+04	1.457582373170796387e+12
1.530000000000000000e+04	1.437404173023654053e+12
1.545000000000000000e+04	1.537256369320431885e+12
1.560000000000000000e+04	2.016867235114111572e+12
1.575000000000000000e+04	4.709491037176896484e+12
1.590000000000000000e+04	1.800126352469352734e+13
1.605000000000000000e+04	6.357079804873975000e+13
1.620000000000000000e+04	1.658920188968139688e+14
1.635000000000000000e+04	3.169860256817458750e+14
1.650000000000000000e+04	4.721262609299680000e+14
1.665000000000000000e+04	5.890014696293896250e+14
1.680000000000000000e+04	5.936044448640360000e+14
1.695000000000000000e+04	3.584387293479326875e+14
1.710000000000000000e+04	2.676812387274689453e+13
1.725000000000000000e+04	4.156673094250054688e+12
1.740000000000000000e+04	2.376966965363872070e+12
1.755000000000000000e+04	1.695866875218226318e+12
1.770000000000000000e+04	1.347143759347108154e+12
1.785000000000000000e+04	1.149227367408187012e+12
1.800000000000000000e+04	1.035184839213449707e+12
1.815000000000000000e+04	9.800860474775083008e+11
1.830000000000000000e+04	9.882401380379731445e+11
1.845000000000000000e+04	1.106953726268473877e+12
1.860000000000000000e+04	1.480665970348251953e+12
1.875000000000000000e+04	2.435973196734434570e+12
1.890000000000000000e+04	4.564372323537128906e+12
1.905000000000000000e+04	8.675737664047102539e+12
1.920000000000000000e+04	1.544811259751129102e+13
1.935000000000000000e+04	2.481658864503729297e+13
1.950000000000000000e+04	3.578528481070416406e+13
1.965000000000000000e+04	4.794441904809791406e+13
1.980000000000000000e+04	6.485755018542413281e+13
1.995000000000000000e+04	9.514004475576331250e+13
2.010000000000000000e+04	1.443399372208938125e+14
2.025000000000000000e+04	2.014602745796608750e+14
2.040000000000000000e+04	2.420282188458278750e+14
2.055000000000000000e+04	2.587620631818680000e+14
2.070000000000000000e+04	2.997246311755686875e+14
2.085000000000000000e+04	4.990303883085803750e+14
2.100000000000000000e+04	8.737595882108635000e+14
2.115000000000000000e+04	1.245888249955041250e+15
2.130000000000000000e+04	1.482918836301405750e+15
2.145000000000000000e+04	8.311225815413168750e+13
2.160000000000000000e+04	1.309110985581598828e+13
2.175000000000000000e+04	6.546065741650347656e+12
2.190000000000000000e+04	4.113078539966053223e+12
2.205000000000000000e+04	2.907701122762630371e+12
2.220000000000000000e+04	2.216796587742031250e+12
2.235000000000000000e+04	1.784398585511289062e+12
2.250000000000000000e+04	1.498531007945565918e+12
2.265000000000000000e+04	1.304146043932187988e+12
2.280000000000000000e+04	1.174409733639456055e+12
2.295000000000000000e+04	1.106347539930747803e+12
2.310000000000000000e+04	1.141101879182869629e+12
2.325000000000000000e+04	1.433766022554619873e+12
2.340000000000000000e+04	2.373927281094906738e+12
2.355000000000000000e+04	4.646586949499955078e+12
2.370000000000000000e+04	8.897822781483750000e+12
2.385000000000000000e+04	1.470407395564446875e+13
2.400000000000000000e+04	1.952794755970297656e+13
2.415000000000000000e+04	1.984694124495452734e+13
2.430000000000000000e+04	1.590415817834060938e+13
2.445000000000000000e+04	1.694837816353613281e+13
2.460000000000000000e+04	4.066719315750093750e+13
2.475000000000000000e+04	1.054960506431591406e+14
2.490000000000000000e+04	2.214616057031311562e+14
2.505000000000000000e+04	3.787839691249134375e+14
2.520000000000000000e+04	5.092191522216078125e+14
2.535000000000000000e+04	4.980826287720270625e+14
2.550000000000000000e+04	3.073385039450019375e+14
2.565000000000000000e+04	3.217983407548846484e+13
2.580000000000000000e+04	9.324228418007091797e+12
2.595000000000000000e+04	1.387000619678699023e+13
2.610000000000000000e+04	2.424733291577420703e+13
2.625000000000000000e+04	4.193694415237773438e+13
2.640000000000000000e+04	6.858216875711191406e+13
2.655000000000000000e+04	1.050603597872565156e+14
2.670000000000000000e+04	1.510729167444579688e+14
2.685000000000000000e+04	2.051971634383037500e+14
2.700000000000000000e+04	2.653043572134954375e+14
2.715000000000000000e+04	3.289933563335502500e+14
2.730000000000000000e+04	3.935779693205071250e+14
2.745000000000000000e+04	4.553346360011711875e+14
2.760000000000000000e+04	5.077627503704361250e+14
2.775000000000000000e+04	5.374687623948416875e+14
2.790000000000000000e+04	5.241572247169714375e+14
2.805000000000000000e+04	4.690343576100001875e+14
2.820000000000000000e+04	3.867890771762521875e+14
2.835000000000000000e+04	2.779449156673236875e+14
2.850000000000000000e+04	1.818374582849690625e+14
2.865000000000000000e+04	2.193726725259545312e+14
2.880000000000000000e+04	2.686171946087521562e+14
2.895000000000000000e+04	2.864525744658650625e+14
2.910000000000000000e+04	2.602108659813317188e+14
2.925000000000000000e+04	2.043522914134652812e+14
2.940000000000000000e+04	1.908649338030274688e+14
2.955000000000000000e+04	2.006968681039950312e+14
2.970000000000000000e+04	2.697764023859374375e+14
2.985000000000000000e+04	3.232973953158461875e+14
3.000000000000000000e+04	2.015425236771121484e+13
3.015000000000000000e+04	3.242432220601347656e+12
3.030000000000000000e+04	2.066272443614754883e+12
3.045000000000000000e+04	1.611421517751826660e+12
3.060000000000000000e+04	1.389460432158310791e+12
3.075000000000000000e+04	1.287818647025746338e+12
3.090000000000000000e+04	1.291678102419022949e+12
3.105000000000000000e+04	1.466396379997364014e+12
3.120000000000000000e+04	2.028490842839051758e+12
3.135000000000000000e+04	3.507216311361610840e+12
3.150000000000000000e+04	6.990694777115556641e+12
3.165000000000000000e+04	1.434145813574549023e+13
3.180000000000000000e+04	2.809206353496994141e+13
3.195000000000000000e+04	5.064564969131685938e+13
3.210000000000000000e+04	8.268635256558470312e+13
3.225000000000000000e+04	1.214490813290818125e+14
3.240000000000000000e+04	1.602455563974944688e+14
3.255000000000000000e+04	1.905050999919750938e+14
3.270000000000000000e+04	2.061124224130619375e+14
3.285000000000000000e+04	2.079495470065689688e+14
3.300000000000000000e+04	2.060848660012294062e+14
3.315000000000000000e+04	2.186166456188450938e+14
3.330000000000000000e+04	2.673152056520337812e+14
3.345000000000000000e+04	3.655819835060965625e+14
3.360000000000000000e+04	4.853658561745081875e+14
3.375000000000000000e+04	5.642266480169857500e+14
3.390000000000000000e+04	5.657636825867900000e+14
3.405000000000000000e+04	4.066290991653121875e+14
3.420000000000000000e+04	1.730626905128053750e+14
3.435000000000000000e+04	1.163173927197340312e+14
3.450000000000000000e+04	9.354029269668109375e+13
3.465000000000000000e+04	9.994379613268062500e+13
3.480000000000000000e+04	1.420193690531723125e+14
3.495000000000000000e+04	1.843747993644802188e+14
3.510000000000000000e+04	2.225294682290204375e+14
3.525000000000000000e+04	2.850106181097590625e+14
3.540000000000000000e+04	3.844476869422675000e+14
3.555000000000000000e+04	3.961683185831767500e+14
3.570000000000000000e+04	7.904372268435750000e+13
3.585000000000000000e+04	2.280343175305774609e+13
3.600000000000000000e+04	2.377266961306751172e+13
3.615000000000000000e+04	2.427676395489223438e+13
3.630000000000000000e+04	2.202505073648379688e+13
3.645000000000000000e+04	1.806738210993379297e+13
3.660000000000000000e+04	1.649097037060119141e+13
3.675000000000000000e+04	2.361186231578461328e+13
3.690000000000000000e+04	4.557780915011832031e+13
3.705000000000000000e+04	8.499408552439415625e+13
3.720000000000000000e+04	1.378578109308948438e+14
3.735000000000000000e+04	1.920980656372247500e+14
3.750000000000000000e+04	2.299411745663062812e+14
3.765000000000000000e+04	2.421452346399250000e+14
3.780000000000000000e+04	2.422536105530122812e+14
3.795000000000000000e+04	2.146448602055763750e+14
3.810000000000000000e+04	1.693285216535575938e+14
3.825000000000000000e+04	1.948063362084251250e+14
3.840000000000000000e+04	1.964991473560713438e+14
3.855000000000000000e+04	3.745755795283330469e+13
3.870000000000000000e+04	2.571162316980957422e+13
3.885000000000000000e+04	3.097303952245975391e+13
3.900000000000000000e+04	3.684063353142937500e+13
3.915000000000000000e+04	4.230047326518814844e+13
3.930000000000000000e+04	4.653521771700057812e+13
3.945000000000000000e+04	4.880817967016503125e+13
3.960000000000000000e+04	4.864579213153284375e+13
3.975000000000000000e+04	4.613765030860457812e+13
3.990000000000000000e+04	4.228317435799585938e+13
4.005000000000000000e+04	3.923778513039625000e+13
4.020000000000000000e+04	4.023635655516964844e+13
4.035000000000000000e+04	4.899398741224453125e+13
4.050000000000000000e+04	6.857123555973536719e+13
4.065000000000000000e+04	1.000167195675623750e+14
4.080000000000000000e+04	1.413961508994333125e+14
4.095000000000000000e+04	1.878600397232143750e+14
4.110000000000000000e+04	2.330631478338836250e+14
4.125000000000000000e+04	2.716420554507988125e+14
4.140000000000000000e+04	3.018536042144193125e+14
4.155000000000000000e+04	3.270367402712628125e+14
4.170000000000000000e+04	3.551871881157909375e+14
4.185000000000000000e+04	3.961578064435820000e+14
4.200000000000000000e+04	4.476342226756300000e+14
4.215000000000000000e+04	4.936182498561136250e+14
4.230000000000000000e+04	5.252026502196598750e+14
4.245000000000000000e+04	4.965557800493795000e+14
4.260000000000000000e+04	3.016205856460693125e+14
4.275000000000000000e+04	5.695903562636126562e+13
4.290000000000000000e+04	6.286999526231477539e+12
4.305000000000000000e+04	3.338118752003405762e+12
4.320000000000000000e+04	2.722473086219302246e+12
4.335000000000000000e+04	3.141781094237190918e+12
4.350000000000000000e+04	4.708344418724222656e+12
4.365000000000000000e+04	7.989584161115753906e+12
4.380000000000000000e+04	1.369850504786328711e+13
4.395000000000000000e+04	2.241973408882167969e+13
4.410000000000000000e+04	3.421605405887481250e+13
4.425000000000000000e+04	4.821569229111945312e+13
4.440000000000000000e+04	6.239098658018925000e+13
4.455000000000000000e+04	7.377011854228578125e+13
4.470000000000000000e+04	7.922108208596500000e+13
4.485000000000000000e+04	7.670573230142582812e+13
4.500000000000000000e+04	6.660242968096786719e+13
4.515000000000000000e+04	5.249306542265154688e+13
4.530000000000000000e+04	4.084427990899234375e+13
4.545000000000000000e+04	3.929945676649479688e+13
4.560000000000000000e+04	5.371809214551307031e+13
4.575000000000000000e+04	8.466554841819706250e+13
4.590000000000000000e+04	1.257335084185200938e+14
4.605000000000000000e+04	1.691486138554431250e+14
4.620000000000000000e+04	2.101141253423088125e+14
4.635000000000000000e+04	2.287248868341194688e+14
4.650000000000000000e+04	2.088842550274611562e+14
4.665000000000000000e+04	1.744314498267906875e+14
4.680000000000000000e+04	1.857047721730445000e+14
4.695000000000000000e+04	1.781436628973016250e+14
4.710000000000000000e+04	1.051435587815524062e+14
4.725000000000000000e+04	1.096434645140082500e+14
4.740000000000000000e+04	1.295121525863912188e+14
4.755000000000000000e+04	1.491892286196777500e+14
4.770000000000000000e+04	1.668031402737464375e+14
4.785000000000000000e+04	1.804317920468195000e+14
4.800000000000000000e+04	1.881510507592210938e+14
4.815000000000000000e+04	1.885395224055875938e+14
4.830000000000000000e+04	1.819220979267247500e+14
4.845000000000000000e+04	1.719639396443506562e+14
4.860000000000000000e+04	1.641414493994483750e+14
4.875000000000000000e+04	1.586893621129230625e+14
4.890000000000000000e+04	1.510368201929518750e+14
4.905000000000000000e+04	1.441119605113845938e+14
4.920000000000000000e+04	1.481340951797032812e+14
4.935000000000000000e+04	1.717051807638950000e+14
4.950000000000000000e+04	2.207111276957767812e+14
4.965000000000000000e+04	2.926415288979115000e+14
4.980000000000000000e+04	2.975996649125631250e+14
4.995000000000000000e+04	1.750961252647958438e+14
5.010000000000000000e+04	1.243443872441883438e+14
5.025000000000000000e+04	1.156547611154678125e+14
5.040000000000000000e+04	1.113243315877545781e+14
5.055000000000000000e+04	1.083936080506150625e+14
5.070000000000000000e+04	1.205946547328665938e+14
5.085000000000000000e+04	1.574367792085817188e+14
5.100000000000000000e+04	1.847937784181317500e+14
5.115000000000000000e+04	1.220015463714780469e+14
5.130000000000000000e+04	2.826789524869785938e+13
5.145000000000000000e+04	8.450126694697742188e+12
5.160000000000000000e+04	9.245875439229730469e+12
5.175000000000000000e+04	1.166002712691712109e+13
5.190000000000000000e+04	1.514731727872008203e+13
5.205000000000000000e+04	2.020311523827624219e+13
5.220000000000000000e+04	2.760932957608037891e+13
5.235000000000000000e+04	3.828392437334681250e+13
5.250000000000000000e+04	5.301425861773792969e+13
5.265000000000000000e+04	7.207495431693464062e+13
5.280000000000000000e+04	9.482177344141381250e+13
5.295000000000000000e+04	1.194222336612268594e+14
5.310000000000000000e+04	1.429095329318735625e+14
5.325000000000000000e+04	1.616925448901255000e+14
5.340000000000000000e+04	1.725121708489256562e+14
5.355000000000000000e+04	1.736299183488979062e+14
5.370000000000000000e+04	1.658373427868580312e+14
5.385000000000000000e+04	1.527554470404140000e+14
5.400000000000000000e+04	1.399270661605233438e+14
5.415000000000000000e+04	1.326236415226544531e+14
5.430000000000000000e+04	1.338027651008613594e+14
5.445000000000000000e+04	1.451468945814362812e+14
5.460000000000000000e+04	1.670252727125067500e+14
5.475000000000000000e+04	1.904093409712918438e+14
5.490000000000000000e+04	1.995086260232346562e+14
5.505000000000000000e+04	1.848776563024777812e+14
5.520000000000000000e+04	1.569325299237235312e+14
5.535000000000000000e+04	1.540121676809835625e+14
5.550000000000000000e+04	1.426736951580979375e+14
5.565000000000000000e+04	1.097080721257298594e+14
5.580000000000000000e+04	1.185580378321248906e+14
5.595000000000000000e+04	1.406566930284320156e+14
5.610000000000000000e+04	1.649777888846546875e+14
5.625000000000000000e+04	1.889488910851786875e+14
5.640000000000000000e+04	2.073218338111474688e+14
5.655000000000000000e+04	2.116288018200404375e+14
5.670000000000000000e+04	1.901301506146440938e+14
5.685000000000000000e+04	1.342232215106170781e+14
5.700000000000000000e+04	7.321635270424787500e+13
5.715000000000000000e+04	4.887610409518422656e+13
5.730000000000000000e+04	4.103303202137878906e+13
5.745000000000000000e+04	3.522315946330139062e+13
5.760000000000000000e+04	3.254369535579317578e+13
5.775000000000000000e+04	3.543355960706775000e+13
5.790000000000000000e+04	4.519759453349517188e+13
5.805000000000000000e+04	6.101000029301235938e+13
5.820000000000000000e+04	8.020443735090040625e+13
5.835000000000000000e+04	9.968758328048915625e+13
5.850000000000000000e+04	1.177670520756554219e+14
5.865000000000000000e+04	1.330702201549499531e+14
5.880000000000000000e+04	1.403356711286336719e+14
5.895000000000000000e+04	1.343724622637222188e+14
5.910000000000000000e+04	1.223071679067583438e+14
5.925000000000000000e+04	1.220312870186710469e+14
5.940000000000000000e+04	1.444218515851437812e+14
5.955000000000000000e+04	1.637519547067802188e+14
5.970000000000000000e+04	1.220315531709077188e+14
5.985000000000000000e+04	6.038815624852602344e+13
6.000000000000000000e+04	4.255550276167945312e+13
6.015000000000000000e+04	3.985239453401995312e+13
6.030000000000000000e+04	3.753793665042838281e+13
6.045000000000000000e+04	3.464498469011755859e+13
6.060000000000000000e+04	3.162185241319449609e+13
6.075000000000000000e+04	2.935384025957674609e+13
6.090000000000000000e+04	2.909785313207079688e+13
6.105000000000000000e+04	3.230475827299655469e+13
6.120000000000000000e+04	4.028886383096975000e+13
6.135000000000000000e+04	5.378794829687060938e+13
6.150000000000000000e+04	7.253115848262317188e+13
6.165000000000000000e+04	9.498855488620556250e+13
6.180000000000000000e+04	1.184867135980845781e+14
6.195000000000000000e+04	1.398194613975916094e+14
6.210000000000000000e+04	1.563382996377715938e+14
6.225000000000000000e+04	1.671593813681552500e+14
6.240000000000000000e+04	1.734869308863671250e+14
6.255000000000000000e+04	1.770499320059332188e+14
6.270000000000000000e+04	1.782056447625197812e+14
6.285000000000000000e+04	1.774201286003001250e+14
6.300000000000000000e+04	1.777266743643587188e+14
6.315000000000000000e+04	1.817404266563815938e+14
6.330000000000000000e+04	1.879290582965289375e+14
6.345000000000000000e+04	1.901680491467123438e+14
6.360000000000000000e+04	1.807786760124673750e+14
6.375000000000000000e+04	1.668867425821406875e+14
6.390000000000000000e+04	1.686195305376230938e+14
6.405000000000000000e+04	1.343336521537602188e+14
6.420000000000000000e+04	5.258341996342932031e+13
6.435000000000000000e+04	1.689922524075165820e+13
6.450000000000000000e+04	1.440524181331245898e+13
6.465000000000000000e+04	1.772570515098416797e+13
6.480000000000000000e+04	2.294376413038283594e+13
6.495000000000000000e+04	2.967262307331500391e+13
6.510000000000000000e+04	3.733263422690039844e+13
6.525000000000000000e+04	4.496660108076764062e+13
6.540000000000000000e+04	5.136507605182327344e+13
6.555000000000000000e+04	5.535284997394707031e+13
6.570000000000000000e+04	5.617092604968240625e+13
6.585000000000000000e+04	5.383272157922345312e+13
6.600000000000000000e+04	4.929844617849225781e+13
6.615000000000000000e+04	4.433748121799830469e+13
6.630000000000000000e+04	4.106205780356566406e+13
6.645000000000000000e+04	4.131373100916164062e+13
6.660000000000000000e+04	4.629843036966031250e+13
6.675000000000000000e+04	5.681662492533914844e+13
6.690000000000000000e+04	7.354951256422048438e+13
6.705000000000000000e+04	9.556689585009089062e+13
6.720000000000000000e+04	1.174001085899631719e+14
6.735000000000000000e+04	1.305877978424233438e+14
6.750000000000000000e+04	1.311538234992692031e+14
6.765000000000000000e+04	1.244383460673965000e+14
6.780000000000000000e+04	1.235464073230917500e+14
6.795000000000000000e+04	1.389963444734418281e+14
6.810000000000000000e+04	1.534260115153830625e+14
6.825000000000000000e+04	1.298134529174301562e+14
6.840000000000000000e+04	9.406107121946954688e+13
6.855000000000000000e+04	8.357821671290948438e+13
6.870000000000000000e+04	8.389149387096145312e+13
6.885000000000000000e+04	8.439869196987537500e+13
6.900000000000000000e+04	8.392080870113454688e+13
6.915000000000000000e+04	8.259482820311617188e+13
6.930000000000000000e+04	8.053405219065740625e+13
6.945000000000000000e+04	7.772599042435596875e+13
6.960000000000000000e+04	7.439374376568240625e+13
6.975000000000000000e+04	7.162857804299976562e+13
6.990000000000000000e+04	7.150459091813687500e+13
7.005000000000000000e+04	7.624383646571626562e+13
7.020000000000000000e+04	8.707719578521426562e+13
7.035000000000000000e+04	1.035721615901025938e+14
7.050000000000000000e+04	1.234174660330626719e+14
7.065000000000000000e+04	1.422406142697766875e+14
7.080000000000000000e+04	1.531148262030578125e+14
7.095000000000000000e+04	1.463790440082373438e+14
7.110000000000000000e+04	1.168055577909471406e+14
7.125000000000000000e+04	8.201434364811521875e+13
7.140000000000000000e+04	6.470592500205564062e+13
7.155000000000000000e+04	6.151854571724390625e+13
7.170000000000000000e+04	6.671353733290892188e+13
7.185000000000000000e+04	7.982512496181462500e+13
7.200000000000000000e+04	9.517528899334156250e+13
7.215000000000000000e+04	1.007796380976142344e+14
7.230000000000000000e+04	9.191940108974921875e+13
7.245000000000000000e+04	7.854426945214853125e+13
7.260000000000000000e+04	5.986266919193724219e+13
7.275000000000000000e+04	4.138877722426019531e+13
7.290000000000000000e+04	3.640095487308404688e+13
7.305000000000000000e+04	3.807244624966409375e+13
7.320000000000000000e+04	4.095977321829735156e+13
7.335000000000000000e+04	4.459451192947016406e+13
7.350000000000000000e+04	4.917667378703710156e+13
7.365000000000000000e+04	5.471901738403974219e+13
7.380000000000000000e+04	6.091163963716037500e+13
7.395000000000000000e+04	6.710992679840150000e+13
7.410000000000000000e+04	7.244168276677978125e+13
7.425000000000000000e+04	7.601914170910292188e+13
7.440000000000000000e+04	7.719060819714360938e+13
7.455000000000000000e+04	7.573389178681671875e+13
7.470000000000000000e+04	7.191613050284325000e+13
7.485000000000000000e+04	6.645186884555853125e+13
7.500000000000000000e+04	6.054365961860039062e+13
7.515000000000000000e+04	5.615513046400594531e+13
7.530000000000000000e+04	5.608170247070150000e+13
7.545000000000000000e+04	6.269426773443055469e+13
7.560000000000000000e+04	7.545384510362984375e+13
7.575000000000000000e+04	9.003899026406129688e+13
7.590000000000000000e+04	1.007389151881584219e+14
7.605000000000000000e+04	1.038697769543495469e+14
7.620000000000000000e+04	1.009349211404178750e+14
7.635000000000000000e+04	1.005181056608470625e+14
7.650000000000000000e+04	1.112514687186669219e+14
7.665000000000000000e+04	1.220395708596683906e+14
7.680000000000000000e+04	1.109539131992235312e+14
7.695000000000000000e+04	9.273879416757973438e+13
7.710000000000000000e+04	8.809418013997542188e+13
7.725000000000000000e+04	8.957367184421475000e+13
7.740000000000000000e+04	8.945556540599175000e+13
7.755000000000000000e+04	8.639317347656096875e+13
7.770000000000000000e+04	8.134995599867826562e+13
7.785000000000000000e+04	7.729930692201693750e+13
7.800000000000000000e+04	7.873152005021364062e+13
7.815000000000000000e+04	8.414762642980112500e+13
7.830000000000000000e+04	7.763454262486917188e+13
7.845000000000000000e+04	5.593024893954282812e+13
7.860000000000000000e+04	4.055562251668875781e+13
7.875000000000000000e+04	3.694892749381996094e+13
7.890000000000000000e+04	3.834388566732530469e+13
7.905000000000000000e+04	4.234987236556346094e+13
7.920000000000000000e+04	4.881477991566036719e+13
7.935000000000000000e+04	5.717127777584777344e+13
7.950000000000000000e+04	6.574296973567923438e+13
7.965000000000000000e+04	7.198495353705448438e+13
7.980000000000000000e+04	7.370360387293731250e+13
7.995000000000000000e+04	7.067262039457967188e+13
8.010000000000000000e+04	6.565592367105960938e+13
8.025000000000000000e+04	6.360675526427170312e+13
8.040000000000000000e+04	6.820124425926810156e+13
8.055000000000000000e+04	7.716818119272257812e+13
8.070000000000000000e+04	8.174484120633898438e+13
8.085000000000000000e+04	7.616102915540334375e+13
8.100000000000000000e+04	6.430178127949558594e+13
8.115000000000000000e+04	4.910279688235792969e+13
8.130000000000000000e+04	3.632233094251085156e+13
8.145000000000000000e+04	3.210979905064487891e+13
8.160000000000000000e+04	3.251114887266863672e+13
8.175000000000000000e+04	3.378037473101297266e+13
8.190000000000000000e+04	3.534850712065908594e+13
8.205000000000000000e+04	3.745543859559419531e+13
8.220000000000000000e+04	4.040181287478786719e+13
8.235000000000000000e+04	4.441082536588123438e+13
8.250000000000000000e+04	4.956457632541489062e+13
8.265000000000000000e+04	5.577668275876117188e+13
8.280000000000000000e+04	6.278091663123948438e+13
8.295000000000000000e+04	7.009148664951891406e+13
8.310000000000000000e+04	7.691597673154490625e+13
8.325000000000000000e+04	8.212080340267012500e+13
8.340000000000000000e+04	8.449944708046050000e+13
8.355000000000000000e+04	8.351576816975114062e+13
8.370000000000000000e+04	8.014222155591793750e+13
8.385000000000000000e+04	7.683981358344164062e+13
8.400000000000000000e+04	7.629002552102645312e+13
8.415000000000000000e+04	7.992624683909245312e+13
8.430000000000000000e+04	8.729150331920928125e+13
8.445000000000000000e+04	9.600828410048079688e+13
8.460000000000000000e+04	1.026394765559153906e+14
8.475000000000000000e+04	1.054663657525187188e+14
8.490000000000000000e+04	1.071697395042906094e+14
8.505000000000000000e+04	1.097855296592116094e+14
8.520000000000000000e+04	1.019307246712960000e+14
8.535000000000000000e+04	7.120732958814918750e+13
8.550000000000000000e+04	3.627708793503553906e+13
8.565000000000000000e+04	1.953960454000269922e+13
8.580000000000000000e+04	1.648170907477789844e+13
8.595000000000000000e+04	1.754833687539428125e+13
8.610000000000000000e+04	1.978235542042439453e+13
8.625000000000000000e+04	2.263416778095142578e+13
8.640000000000000000e+04	2.576873184406500781e+13
8.655000000000000000e+04	2.881132787151574219e+13
8.670000000000000000e+04	3.139236178000465625e+13
8.685000000000000000e+04	3.321708110529560156e+13
8.700000000000000000e+04	3.414110026343635938e+13
8.715000000000000000e+04	3.426197989487359375e+13
8.730000000000000000e+04	3.402817562532215625e+13
8.745000000000000000e+04	3.430832313075609766e+13
8.760000000000000000e+04	3.627352002133767188e+13
8.775000000000000000e+04	4.094052590175823438e+13
8.790000000000000000e+04	4.845616794858435156e+13
8.805000000000000000e+04	5.757330844142678125e+13
8.820000000000000000e+04	6.584888431825214844e+13
8.835000000000000000e+04	7.069797713096978125e+13
8.850000000000000000e+04	7.090449853422575000e+13
8.865000000000000000e+04	6.778596992430956250e+13
8.880000000000000000e+04	6.501674545080225000e+13
8.895000000000000000e+04	6.632093642654205469e+13
8.910000000000000000e+04	7.154531166514304688e+13
8.925000000000000000e+04	7.512970156035892188e+13
8.940000000000000000e+04	7.191638782461362500e+13
8.955000000000000000e+04	6.283153164375046094e+13
8.970000000000000000e+04	5.138068522948141406e+13
8.985000000000000000e+04	4.250052780578039062e+13
9.000000000000000000e+04	3.928028581639064062e+13
9.015000000000000000e+04	3.935133820928497656e+13
9.030000000000000000e+04	4.021583465777796094e+13
9.045000000000000000e+04	4.122944960447412500e+13
9.060000000000000000e+04	4.241297605279652344e+13
9.075000000000000000e+04	4.390976804070753125e+13
9.090000000000000000e+04	4.593776543719452344e+13
9.105000000000000000e+04	4.873157228216713281e+13
9.120000000000000000e+04	5.240202943733129688e+13
9.135000000000000000e+04	5.676983262076208594e+13
9.150000000000000000e+04	6.123911297191880469e+13
9.165000000000000000e+04	6.479307454993848438e+13
9.180000000000000000e+04	6.627845782332342969e+13
9.195000000000000000e+04	6.516543965005032812e+13
9.210000000000000000e+04	6.258672464698183594e+13
9.225000000000000000e+04	6.110234810205539844e+13
9.240000000000000000e+04	6.086822834136271094e+13
9.255000000000000000e+04	5.757575825458524219e+13
9.270000000000000000e+04	5.137808523079425000e+13
9.285000000000000000e+04	4.950468316709567188e+13
9.300000000000000000e+04	5.358707406511834375e+13
9.315000000000000000e+04	5.811619747109272656e+13
9.330000000000000000e+04	5.902120386602673438e+13
9.345000000000000000e+04	5.757974781277592969e+13
9.360000000000000000e+04	5.702274664125457031e+13
9.375000000000000000e+04	5.449237258600685156e+13
9.390000000000000000e+04	4.529460847216721875e+13
9.405000000000000000e+04	3.470084491852000000e+13
9.420000000000000000e+04	2.911009602534084375e+13
9.435000000000000000e+04	2.721827608183821875e+13
9.450000000000000000e+04	2.645958566982856250e+13
9.465000000000000000e+04	2.616543940871026953e+13
9.480000000000000000e+04	2.642129068590083594e+13
9.495000000000000000e+04	2.732272301166865625e+13
9.510000000000000000e+04	2.881697312831685547e+13
9.525000000000000000e+04	3.066233993220534375e+13
9.540000000000000000e+04	3.244093271854533594e+13
9.555000000000000000e+04	3.365194692917945703e+13
9.570000000000000000e+04	3.390722055618425391e+13
9.585000000000000000e+04	3.319410013591608203e+13
9.600000000000000000e+04	3.207425678160248438e+13
9.615000000000000000e+04	3.162760525321845312e+13
9.630000000000000000e+04	3.304410651193937109e+13
9.645000000000000000e+04	3.701200902498839062e+13
9.660000000000000000e+04	4.324261091037958594e+13
9.675000000000000000e+04	5.042091938356976562e+13
9.690000000000000000e+04	5.666679365676406250e+13
9.705000000000000000e+04	6.042126625410338281e+13
9.720000000000000000e+04	6.149070742091507812e+13
9.735000000000000000e+04	6.157731714391535156e+13
9.750000000000000000e+04	6.321761578463327344e+13
9.765000000000000000e+04	6.690248978662528906e+13
9.780000000000000000e+04	6.930355432881840625e+13
9.795000000000000000e+04	6.652011122482984375e+13
9.810000000000000000e+04	5.849761538834150000e+13
9.825000000000000000e+04	4.848049809056701562e+13
9.840000000000000000e+04	4.081957858047256250e+13
9.855000000000000000e+04	3.785189489877971875e+13
9.870000000000000000e+04	3.867223849718470312e+13
9.885000000000000000e+04	4.185105476975697656e+13
9.900000000000000000e+04	4.658868925918711719e+13
9.915000000000000000e+04	5.162661109311794531e+13
9.930000000000000000e+04	5.434917992779479688e+13
9.945000000000000000e+04	5.139662998750904688e+13
9.960000000000000000e+04	4.222081145221392188e+13
9.975000000000000000e+04	3.184131332093306250e+13
9.990000000000000000e+04	2.584826932277103906e+13
1.000500000000000000e+05	2.482335005228404688e+13
1.002000000000000000e+05	2.665137188448410938e+13
1.003500000000000000e+05	2.971403944265692969e+13
1.005000000000000000e+05	3.288474222974734766e+13
1.006500000000000000e+05	3.514313662234289453e+13
1.008000000000000000e+05	3.576764323956824219e+13
1.009500000000000000e+05	3.472803340077697266e+13
1.011000000000000000e+05	3.294418949789092969e+13
1.012500000000000000e+05	3.202740909300322266e+13
1.014000000000000000e+05	3.330955674173655859e+13
1.015500000000000000e+05	3.663309383998064844e+13
1.017000000000000000e+05	4.006826000885487500e+13
1.018500000000000000e+05	4.156912890718426562e+13
1.020000000000000000e+05	4.136148958562801562e+13
1.021500000000000000e+05	4.091825269654022656e+13
1.023000000000000000e+05	3.898819978908853125e+13
1.024500000000000000e+05	3.387100174735134375e+13
1.026000000000000000e+05	2.852310547692505469e+13
1.027500000000000000e+05	2.610473018604035156e+13
1.029000000000000000e+05	2.585866627785063672e+13
1.030500000000000000e+05	2.617606833608012109e+13
1.032000000000000000e+05	2.655391834465691406e+13
1.033500000000000000e+05	2.713609556681246484e+13
1.035000000000000000e+05	2.817374013975368359e+13
1.036500000000000000e+05	2.982316788494025781e+13
1.038000000000000000e+05	3.203764155670822266e+13
1.039500000000000000e+05	3.451791609410540625e+13
1.041000000000000000e+05	3.676268355487925781e+13
1.042500000000000000e+05	3.824209266550703125e+13
1.044000000000000000e+05	3.865197795131182031e+13
1.045500000000000000e+05	3.813109931304438281e+13
1.047000000000000000e+05	3.730656784994578125e+13
1.048500000000000000e+05	3.711151787835566406e+13
1.050000000000000000e+05	3.843390422483142188e+13
1.051500000000000000e+05	4.171151770919557812e+13
1.053000000000000000e+05	4.659788321708228906e+13
1.054500000000000000e+05	5.187729650837625000e+13
1.056000000000000000e+05	5.586261368436518750e+13
1.057500000000000000e+05	5.732627486029455469e+13
1.059000000000000000e+05	5.644078914140793750e+13
1.060500000000000000e+05	5.464225099208779688e+13
1.062000000000000000e+05	5.295073637917713281e+13
1.063500000000000000e+05	5.059165021074288281e+13
1.065000000000000000e+05	4.613153651187610156e+13
1.066500000000000000e+05	3.896245313686510156e+13
1.068000000000000000e+05	2.945424220511540234e+13
1.069500000000000000e+05	2.014134019394042578e+13
1.071000000000000000e+05	1.454015722958356641e+13
1.072500000000000000e+05	1.328467523699643750e+13
1.074000000000000000e+05	1.451511022454243359e+13
1.075500000000000000e+05	1.660742577695335938e+13
1.077000000000000000e+05	1.878085279642330469e+13
1.078500000000000000e+05	2.058721506883062109e+13
1.080000000000000000e+05	2.175891160648144922e+13
1.081500000000000000e+05	2.226243617284625000e+13
1.083000000000000000e+05	2.235194672875503906e+13
1.084500000000000000e+05	2.251619047761783594e+13
1.086000000000000000e+05	2.330708375726540625e+13
1.087500000000000000e+05	2.510703119128525781e+13
1.089000000000000000e+05	2.792547042012901953e+13
1.090500000000000000e+05	3.130571667405359375e+13
1.092000000000000000e+05	3.440745782215760547e+13
1.093500000000000000e+05	3.631098334506604688e+13
1.095000000000000000e+05	3.649144629621968750e+13
1.096500000000000000e+05	3.522762941179653906e+13
1.098000000000000000e+05	3.360053713095826953e+13
1.099500000000000000e+05	3.287826391827514844e+13
1.101000000000000000e+05	3.352255537760368750e+13
1.102500000000000000e+05	3.465223641856265234e+13
1.104000000000000000e+05	3.488663406212130859e+13
1.105500000000000000e+05	3.394127372367871094e+13
1.107000000000000000e+05	3.242456112590204297e+13
1.108500000000000000e+05	3.008370320976982422e+13
1.110000000000000000e+05	2.678087670632282031e+13
1.111500000000000000e+05	2.425813354369965625e+13
1.113000000000000000e+05	2.391530333831800781e+13
1.114500000000000000e+05	2.503642478819870703e+13
1.116000000000000000e+05	2.635585354070791797e+13
1.117500000000000000e+05	2.727440087432029688e+13
1.119000000000000000e+05	2.775052929243310938e+13
1.120500000000000000e+05	2.795196347948510938e+13
1.122000000000000000e+05	2.811470413283072656e+13
1.123500000000000000e+05	2.842746583000812109e+13
1.125000000000000000e+05	2.895982814204404297e+13
1.126500000000000000e+05	2.966207005957899219e+13
1.128000000000000000e+05	3.044772437855074219e+13
1.129500000000000000e+05	3.131324366345378125e+13
1.131000000000000000e+05	3.239931872992129688e+13
1.132500000000000000e+05	3.388551637011730469e+13
1.134000000000000000e+05	3.565643473424413281e+13
1.135500000000000000e+05	3.692271251196552344e+13
1.137000000000000000e+05	3.652943404546447656e+13
1.138500000000000000e+05	3.439677592717532422e+13
1.140000000000000000e+05	3.217357023273998047e+13
1.141500000000000000e+05	3.123288394128266797e+13
1.143000000000000000e+05	3.107827108259121484e+13
1.144500000000000000e+05	3.085026683327382031e+13
1.146000000000000000e+05	3.083493545363675781e+13
1.147500000000000000e+05	3.148764022102535156e+13
1.149000000000000000e+05	3.189195917507432812e+13
1.150500000000000000e+05	3.027975435360846875e+13
1.152000000000000000e+05	2.608836486295668750e+13
1.153500000000000000e+05	2.068653663069047266e+13
1.155000000000000000e+05	1.617316616070371680e+13
1.156500000000000000e+05	1.359575797596335938e+13
1.158000000000000000e+05	1.267447421976435352e+13
1.159500000000000000e+05	1.277796927044423633e+13
1.161000000000000000e+05	1.351861769542298633e+13
1.162500000000000000e+05	1.463935842853500391e+13
1.164000000000000000e+05	1.585829379564968945e+13
1.165500000000000000e+05	1.689109351244209766e+13
1.167000000000000000e+05	1.755628184227122070e+13
1.168500000000000000e+05	1.786915567295732031e+13
1.170000000000000000e+05	1.806904255983289844e+13
1.171500000000000000e+05	1.855703915006244141e+13
1.173000000000000000e+05	1.975247842909262109e+13
1.174500000000000000e+05	2.190338184054559375e+13
1.176000000000000000e+05	2.491554636683371094e+13
1.177500000000000000e+05	2.829263395271007812e+13
1.179000000000000000e+05	3.127017948158964062e+13
1.180500000000000000e+05	3.314567237918070312e+13
1.182000000000000000e+05	3.367293009801366016e+13
1.183500000000000000e+05	3.326649930703264844e+13
1.185000000000000000e+05	3.275993136773042578e+13
1.186500000000000000e+05	3.272873113853009766e+13
1.188000000000000000e+05	3.291925428918957812e+13
1.189500000000000000e+05	3.254259688820270312e+13
1.191000000000000000e+05	3.122520088722525781e+13
1.192500000000000000e+05	2.920591559901471875e+13
1.194000000000000000e+05	2.673159044357351562e+13
1.195500000000000000e+05	2.433687748917456641e+13
1.197000000000000000e+05	2.316309971693091406e+13
1.198500000000000000e+05	2.374397451013510938e+13
1.200000000000000000e+05	2.530346275494727734e+13
1.201500000000000000e+05	2.661461391766125391e+13
1.203000000000000000e+05	2.684317591911315234e+13
1.204500000000000000e+05	2.578468678736757422e+13
1.206000000000000000e+05	2.390766438091595703e+13
1.207500000000000000e+05	2.200470855031576172e+13
1.209000000000000000e+05	2.046868144940413672e+13
1.210500000000000000e+05	1.905996624526289062e+13
1.212000000000000000e+05	1.775658105744675391e+13
1.213500000000000000e+05	1.713980238363649023e+13
1.215000000000000000e+05	1.747824951785947852e+13
1.216500000000000000e+05	1.823940762154277734e+13
1.218000000000000000e+05	1.869046696610655859e+13
1.219500000000000000e+05	1.852939655837878125e+13
1.221000000000000000e+05	1.797690165036758984e+13
1.222500000000000000e+05	1.757774985625230273e+13
1.224000000000000000e+05	1.784938887521787109e+13
1.225500000000000000e+05	1.890849545422686328e+13
1.227000000000000000e+05	2.034042959361008984e+13
1.228500000000000000e+05	2.152804809217956641e+13
1.230000000000000000e+05	2.226730218200932422e+13
1.231500000000000000e+05	2.300023357510044531e+13
1.233000000000000000e+05	2.415128039623733984e+13
1.234500000000000000e+05	2.524143829679098438e+13
1.236000000000000000e+05	2.512893986989806250e+13
1.237500000000000000e+05	2.327169712336925391e+13
1.239000000000000000e+05	2.038477601613377734e+13
1.240500000000000000e+05	1.774306932017838672e+13
1.242000000000000000e+05	1.605170735778022266e+13
1.243500000000000000e+05	1.523514330103533008e+13
1.245000000000000000e+05	1.498463247114640234e+13
1.246500000000000000e+05	1.515590117637972070e+13
1.248000000000000000e+05	1.570073639804889844e+13
1.249500000000000000e+05	1.652466953836601953e+13
1.251000000000000000e+05	1.745427756320662891e+13
1.252500000000000000e+05	1.828913925066403906e+13
1.254000000000000000e+05	1.888450457178178516e+13
1.255500000000000000e+05	1.922481924383734375e+13
1.257000000000000000e+05	1.945504111930836719e+13
1.258500000000000000e+05	1.984421243878601953e+13
1.260000000000000000e+05	2.067450001266425391e+13
1.261500000000000000e+05	2.208356332014984766e+13
1.263000000000000000e+05	2.392941078899304688e+13
1.264500000000000000e+05	2.577006320839460547e+13
1.266000000000000000e+05	2.702585167566346484e+13
1.267500000000000000e+05	2.729749183141734375e+13
1.269000000000000000e+05	2.666636396160352344e+13
1.270500000000000000e+05	2.571027342484143359e+13
1.272000000000000000e+05	2.510625003326279688e+13
1.273500000000000000e+05	2.509605920008648438e+13
1.275000000000000000e+05	2.533558517371187891e+13
1.276500000000000000e+05	2.517519981857239062e+13
1.278000000000000000e+05	2.385402912176282422e+13
1.279500000000000000e+05	2.080537418078548828e+13
1.281000000000000000e+05	1.650901729514963477e+13
1.282500000000000000e+05	1.264438333356649609e+13
1.284000000000000000e+05	1.061370012937639258e+13
1.285500000000000000e+05	1.036904967268636719e+13
1.287000000000000000e+05	1.102311726101993555e+13
1.288500000000000000e+05	1.181611988543959180e+13
1.290000000000000000e+05	1.239007286771246680e+13
1.291500000000000000e+05	1.266275931149125586e+13
1.293000000000000000e+05	1.272613827175194727e+13
1.294500000000000000e+05	1.276356646312432617e+13
1.296000000000000000e+05	1.299699231660533594e+13
1.297500000000000000e+05	1.360018233526195703e+13
1.299000000000000000e+05	1.461346413266077930e+13
1.300500000000000000e+05	1.589131832741861914e+13
1.302000000000000000e+05	1.712325969127398828e+13
1.303500000000000000e+05	1.794769024327218359e+13
1.305000000000000000e+05	1.812794717737559766e+13
1.306500000000000000e+05	1.770292284620322266e+13
1.308000000000000000e+05	1.700496974575096680e+13
1.309500000000000000e+05	1.648961945962326367e+13
1.311000000000000000e+05	1.644724893696395508e+13
1.312500000000000000e+05	1.680514501457850586e+13
1.314000000000000000e+05	1.723970368292886719e+13
1.315500000000000000e+05	1.756465865002217188e+13
1.317000000000000000e+05	1.797058210539118359e+13
1.318500000000000000e+05	1.870971463686105859e+13
1.320000000000000000e+05	1.954464107109983594e+13
1.321500000000000000e+05	1.978787692881123047e+13
1.323000000000000000e+05	1.901926864330953125e+13
1.324500000000000000e+05	1.756331359448424609e+13
1.326000000000000000e+05	1.612310770149888086e+13
1.327500000000000000e+05	1.509621345635267773e+13
1.329000000000000000e+05	1.442536001076559766e+13
1.330500000000000000e+05	1.393450680217954688e+13
1.332000000000000000e+05	1.360429635554046289e+13
1.333500000000000000e+05	1.353025435749212305e+13
1.335000000000000000e+05	1.381633845994980078e+13
1.336500000000000000e+05	1.449395064809891211e+13
1.338000000000000000e+05	1.549710262837735742e+13
1.339500000000000000e+05	1.667338152507313672e+13
1.341000000000000000e+05	1.782032661758623828e+13
1.342500000000000000e+05	1.873757660028061328e+13
1.344000000000000000e+05	1.928350193874907422e+13
1.345500000000000000e+05	1.942870890754957812e+13
1.347000000000000000e+05	1.929262743809800000e+13
1.348500000000000000e+05	1.910651241018404297e+13
1.350000000000000000e+05	1.902656215872173828e+13
1.351500000000000000e+05	1.890734641127603125e+13
1.353000000000000000e+05	1.840439032272695312e+13
1.354500000000000000e+05	1.746062950256605469e+13
1.356000000000000000e+05	1.651838483310184375e+13
1.357500000000000000e+05	1.606413160071469336e+13
1.359000000000000000e+05	1.607833932710213477e+13
1.360500000000000000e+05	1.603557133494655078e+13
1.362000000000000000e+05	1.537286531921473047e+13
1.363500000000000000e+05	1.386688876209385742e+13
1.365000000000000000e+05	1.174296596490166992e+13
1.366500000000000000e+05	9.583593782618027344e+12
1.368000000000000000e+05	8.029590552683904297e+12
1.369500000000000000e+05	7.378042632647666992e+12
1.371000000000000000e+05	7.493387239487975586e+12
1.372500000000000000e+05	8.057202725357431641e+12
1.374000000000000000e+05	8.799405644649224609e+12
1.375500000000000000e+05	9.525218897129765625e+12
1.377000000000000000e+05	1.011430826817918750e+13
1.378500000000000000e+05	1.052371913995424414e+13
1.380000000000000000e+05	1.080036691950705469e+13
1.381500000000000000e+05	1.107136712700011133e+13
1.383000000000000000e+05	1.149883157381646094e+13
1.384500000000000000e+05	1.220603915121309570e+13
1.386000000000000000e+05	1.320286020304358008e+13
1.387500000000000000e+05	1.435070599665003906e+13
1.389000000000000000e+05	1.539950642273050391e+13
1.390500000000000000e+05	1.609715284516385742e+13
1.392000000000000000e+05	1.632568682372819922e+13
1.393500000000000000e+05	1.618224309859229492e+13
1.395000000000000000e+05	1.593019847061060547e+13
1.396500000000000000e+05	1.582262862752433008e+13
1.398000000000000000e+05	1.592150257007768555e+13
1.399500000000000000e+05	1.609201511207177344e+13
1.401000000000000000e+05	1.621034321182451367e+13
1.402500000000000000e+05	1.634593197675019922e+13
1.404000000000000000e+05	1.663308254316004102e+13
1.405500000000000000e+05	1.695764399000969922e+13
1.407000000000000000e+05	1.692853087330647070e+13
1.408500000000000000e+05	1.627160446902290234e+13
1.410000000000000000e+05	1.512878959795980469e+13
1.411500000000000000e+05	1.388577533018192773e+13
1.413000000000000000e+05	1.280195336644962305e+13
1.414500000000000000e+05	1.192665880869669922e+13
1.416000000000000000e+05	1.128374277224105469e+13
1.417500000000000000e+05	1.095991738301025000e+13
1.419000000000000000e+05	1.097909231564408984e+13
1.420500000000000000e+05	1.114271329730660742e+13
1.422000000000000000e+05	1.113897014548563477e+13
1.423500000000000000e+05	1.084802749605872461e+13
1.425000000000000000e+05	1.046569635410507227e+13
1.426500000000000000e+05	1.023937170134085352e+13
1.428000000000000000e+05	1.018640580061040430e+13
1.429500000000000000e+05	1.015307965591263672e+13
1.431000000000000000e+05	1.005509025737090820e+13
1.432500000000000000e+05	9.982398478850691406e+12
1.434000000000000000e+05	1.009219004018831836e+13
1.435500000000000000e+05	1.046314300572137109e+13
1.437000000000000000e+05	1.101674282326862109e+13
1.438500000000000000e+05	1.157574049726830078e+13
1.440000000000000000e+05	1.201800628625227734e+13
1.441500000000000000e+05	1.238451110303157227e+13
1.443000000000000000e+05	1.280555444788860742e+13
1.444500000000000000e+05	1.328830200539379688e+13
1.446000000000000000e+05	1.359962894997260156e+13
1.447500000000000000e+05	1.339933485834735938e+13
1.449000000000000000e+05	1.251316823405918164e+13
1.450500000000000000e+05	1.109460658220875586e+13
1.452000000000000000e+05	9.565927134048113281e+12
1.453500000000000000e+05	8.369938175688333984e+12
1.455000000000000000e+05	7.725395007458744141e+12
1.456500000000000000e+05	7.605847152810211914e+12
1.458000000000000000e+05	7.873655336334527344e+12
1.459500000000000000e+05	8.388063844344941406e+12
1.461000000000000000e+05	9.021213416604507812e+12
1.462500000000000000e+05	9.649213482644341797e+12
1.464000000000000000e+05	1.016550157611126953e+13
1.465500000000000000e+05	1.051096622258612109e+13
1.467000000000000000e+05	1.069532593246374219e+13
1.468500000000000000e+05	1.080063372358205859e+13
1.470000000000000000e+05	1.093536726798781055e+13
1.471500000000000000e+05	1.118367430341589258e+13
1.473000000000000000e+05	1.155121185957471680e+13
1.474500000000000000e+05	1.195070429408890234e+13
1.476000000000000000e+05	1.224622303986000977e+13
1.477500000000000000e+05	1.234392293779137891e+13
1.479000000000000000e+05	1.227596441053741211e+13
1.480500000000000000e+05	1.220622640527936328e+13
1.482000000000000000e+05	1.232571445560027539e+13
1.483500000000000000e+05	1.269995422363323438e+13
1.485000000000000000e+05	1.320330893166444531e+13
1.486500000000000000e+05	1.361703122617421875e+13
1.488000000000000000e+05	1.379033345320118750e+13
1.489500000000000000e+05	1.367999738253397656e+13
1.491000000000000000e+05	1.325320856501277539e+13
1.492500000000000000e+05	1.244153848324807812e+13
1.494000000000000000e+05	1.125055947165108398e+13
1.495500000000000000e+05	9.878586775056525391e+12
1.497000000000000000e+05	8.648863467549027344e+12
1.498500000000000000e+05	7.797076062585862305e+12
1.500000000000000000e+05	7.328094826309186523e+12
