3.000000000000000000e+03	3.810548606442555785e+07
3.150000000000000000e+03	1.835343756695637107e+08
3.300000000000000000e+03	7.884640329207316637e+08
3.450000000000000000e+03	3.389149986941029072e+09
3.600000000000000000e+03	1.474217620968339348e+10
3.750000000000000000e+03	1.074892838417515411e+11
3.900000000000000000e+03	9.504958207783021484e+12
4.050000000000000000e+03	1.523040615560398682e+12
4.200000000000000000e+03	2.204723203021251831e+11
4.350000000000000000e+03	1.308586914951002808e+11
4.500000000000000000e+03	1.082982447553795929e+11
4.650000000000000000e+03	9.532672106073458862e+10
4.800000000000000000e+03	9.132101399752111816e+10
4.950000000000000000e+03	9.866326812733047485e+10
5.100000000000000000e+03	1.075845617008491974e+11
5.250000000000000000e+03	1.159574642168710022e+11
5.400000000000000000e+03	1.312580714564107971e+11
5.550000000000000000e+03	1.525053469514091492e+11
5.700000000000000000e+03	1.745160253870986938e+11
5.850000000000000000e+03	2.017731311417508240e+11
6.000000000000000000e+03	2.397681675697019958e+11
6.150000000000000000e+03	2.856975216967385864e+11
6.300000000000000000e+03	3.402131761826027832e+11
6.450000000000000000e+03	4.126911341636760254e+11
6.600000000000000000e+03	5.092480252949122925e+11
6.750000000000000000e+03	6.333771756413229980e+11
6.900000000000000000e+03	8.020862860558587646e+11
7.050000000000000000e+03	1.049100565141096680e+12
7.200000000000000000e+03	1.427124805626173584e+12
7.350000000000000000e+03	2.076981430896173584e+12
7.500000000000000000e+03	4.237692900082590332e+12
7.650000000000000000e+03	4.035938710589044531e+13
7.800000000000000000e+03	1.918417216861650312e+14
7.950000000000000000e+03	1.854096311583145000e+14
8.100000000000000000e+03	2.509804567005120000e+14
8.250000000000000000e+03	5.136428667191105000e+14
8.400000000000000000e+03	9.624148096048812500e+14
8.550000000000000000e+03	1.319337364533012000e+15
8.700000000000000000e+03	3.974485141119271875e+13
8.850000000000000000e+03	1.252216948543124805e+13
9.000000000000000000e+03	6.525938333264203125e+12
9.150000000000000000e+03	4.118179876479982910e+12
9.300000000000000000e+03	2.885673708918075684e+12
9.450000000000000000e+03	2.163025680910569580e+12
9.600000000000000000e+03	1.701485394603535400e+12
9.750000000000000000e+03	1.389747068108346436e+12
9.900000000000000000e+03	1.171707631921197266e+12
1.005000000000000000e+04	1.016636184777740112e+12
1.020000000000000000e+04	9.069990116883613281e+11
1.035000000000000000e+04	8.324011932192332764e+11
1.050000000000000000e+04	7.873857464667956543e+11
1.065000000000000000e+04	7.705883416253612061e+11
1.080000000000000000e+04	7.851419181503448486e+11
1.095000000000000000e+04	8.413757836425164795e+11
1.110000000000000000e+04	9.695872206157479248e+11
1.125000000000000000e+04	1.307692405806737305e+12
1.140000000000000000e+04	2.211300176594632324e+12
1.155000000000000000e+04	6.213059417024078125e+12
1.170000000000000000e+04	6.363468848665823438e+13
1.185000000000000000e+04	3.772833944688047500e+14
1.200000000000000000e+04	6.906134931833700000e+14
1.215000000000000000e+04	8.813032387129210938e+12
1.230000000000000000e+04	2.990175624083222656e+12
1.245000000000000000e+04	1.664652988263934082e+12
1.260000000000000000e+04	1.147717572727590332e+12
1.275000000000000000e+04	8.940918891379450684e+11
1.290000000000000000e+04	7.535865205720010986e+11
1.305000000000000000e+04	6.711389024736496582e+11
1.320000000000000000e+04	6.227622843922673340e+11
1.335000000000000000e+04	5.966234347890971680e+11
1.350000000000000000e+04	5.868884052497016602e+11
1.365000000000000000e+04	5.906807288167531738e+11
1.380000000000000000e+04	6.069890917378061523e+11
1.395000000000000000e+04	6.364233302388995361e+11
1.410000000000000000e+04	6.807868677381718750e+11
1.425000000000000000e+04	7.442312296899758301e+11
1.440000000000000000e+04	8.337734730597380371e+11
1.455000000000000000e+04	9.620861054435245361e+11
1.470000000000000000e+04	1.154575562758294189e+12
1.485000000000000000e+04	1.482251641513399414e+12
1.500000000000000000e+04	2.340945706044804199e+12
1.515000000000000000e+04	7.326422097812271484e+12
1.530000000000000000e+04	3.880663238385195312e+13
1.545000000000000000e+04	1.560237022166956250e+14
1.560000000000000000e+04	3.612586081126367500e+14
1.575000000000000000e+04	5.076638249517351875e+14
1.590000000000000000e+04	4.382547427205470000e+14
1.605000000000000000e+04	1.817054032759565000e+14
1.620000000000000000e+04	2.509251255306386562e+14
1.635000000000000000e+04	3.170270225197218125e+14
1.650000000000000000e+04	3.486645926068358750e+14
1.665000000000000000e+04	3.418430310047447500e+14
1.680000000000000000e+04	3.006357897498258125e+14
1.695000000000000000e+04	2.116121808585871562e+14
1.710000000000000000e+04	7.485266603306623438e+13
1.725000000000000000e+04	6.184428076708904297e+12
1.740000000000000000e+04	3.083172395207202148e+12
1.755000000000000000e+04	1.906053409442167236e+12
1.770000000000000000e+04	1.421563034442798828e+12
1.785000000000000000e+04	1.138012728785531982e+12
1.800000000000000000e+04	9.598684652543348389e+11
1.815000000000000000e+04	8.464089366557281494e+11
1.830000000000000000e+04	7.793998236767006836e+11
1.845000000000000000e+04	7.585356615709044189e+11
1.860000000000000000e+04	8.445669814962695312e+11
1.875000000000000000e+04	1.480802542479873535e+12
1.890000000000000000e+04	4.904247041885440430e+12
1.905000000000000000e+04	1.768077199136430469e+13
1.920000000000000000e+04	4.586855854019494531e+13
1.935000000000000000e+04	7.144509107173987500e+13
1.950000000000000000e+04	5.555153015164840625e+13
1.965000000000000000e+04	2.416941578926789062e+13
1.980000000000000000e+04	1.875391341960884062e+14
1.995000000000000000e+04	6.369950202746285000e+14
2.010000000000000000e+04	2.793667615654070703e+13
2.025000000000000000e+04	3.256572579480594727e+12
2.040000000000000000e+04	1.579536350476583008e+12
2.055000000000000000e+04	1.018013065857224731e+12
2.070000000000000000e+04	7.595781368921700439e+11
2.085000000000000000e+04	6.205660748206544189e+11
2.100000000000000000e+04	5.393244666242291870e+11
2.115000000000000000e+04	4.904567025935835571e+11
2.130000000000000000e+04	4.618814362092494507e+11
2.145000000000000000e+04	4.475777962937080078e+11
2.160000000000000000e+04	4.444362314484227905e+11
2.175000000000000000e+04	4.513289568532407837e+11
2.190000000000000000e+04	4.682992219856159668e+11
2.205000000000000000e+04	4.978561159539687500e+11
2.220000000000000000e+04	5.507857618604993896e+11
2.235000000000000000e+04	6.587629404506893311e+11
2.250000000000000000e+04	9.069880349552064209e+11
2.265000000000000000e+04	1.403756239348416016e+12
2.280000000000000000e+04	2.022868912175449951e+12
2.295000000000000000e+04	2.828352508881570801e+12
2.310000000000000000e+04	9.300530790988060547e+12
2.325000000000000000e+04	4.245575446181292188e+13
2.340000000000000000e+04	1.322156531285475938e+14
2.355000000000000000e+04	2.815986079169502500e+14
2.370000000000000000e+04	4.410785143256590625e+14
2.385000000000000000e+04	4.405918203080062500e+14
2.400000000000000000e+04	1.182678316251455156e+14
2.415000000000000000e+04	1.324082219379608008e+13
2.430000000000000000e+04	8.870664769708660156e+12
2.445000000000000000e+04	7.282772791448041016e+12
2.460000000000000000e+04	1.072466157105059180e+13
2.475000000000000000e+04	2.386982400394179688e+13
2.490000000000000000e+04	5.338118168655692188e+13
2.505000000000000000e+04	1.108361147043275000e+14
2.520000000000000000e+04	2.258386917240717500e+14
2.535000000000000000e+04	4.461938910611011875e+14
2.550000000000000000e+04	6.417206248655350000e+14
2.565000000000000000e+04	7.199039592825676250e+14
2.580000000000000000e+04	1.662705433508992500e+14
2.595000000000000000e+04	1.212409690906931836e+13
2.610000000000000000e+04	5.486154010654458008e+12
2.625000000000000000e+04	3.511583787472829102e+12
2.640000000000000000e+04	3.074763540851329102e+12
2.655000000000000000e+04	4.963897665485978516e+12
2.670000000000000000e+04	1.350446078448130859e+13
2.685000000000000000e+04	3.765099019802225781e+13
2.700000000000000000e+04	8.545816102079048438e+13
2.715000000000000000e+04	1.476527714679028750e+14
2.730000000000000000e+04	1.875939091736562812e+14
2.745000000000000000e+04	1.661200844290877500e+14
2.760000000000000000e+04	9.275939803144910938e+13
2.775000000000000000e+04	1.141802110744846406e+14
2.790000000000000000e+04	3.432863362824811875e+14
2.805000000000000000e+04	1.668172436390700625e+14
2.820000000000000000e+04	4.615186114336958008e+12
2.835000000000000000e+04	1.805153026657715088e+12
2.850000000000000000e+04	1.156147954948360596e+12
2.865000000000000000e+04	8.735082449094484863e+11
2.880000000000000000e+04	7.222925490228819580e+11
2.895000000000000000e+04	6.328342627811951904e+11
2.910000000000000000e+04	5.778176100167207031e+11
2.925000000000000000e+04	5.448004027281453247e+11
2.940000000000000000e+04	5.280574795750472412e+11
2.955000000000000000e+04	5.268030127082412720e+11
2.970000000000000000e+04	5.499679990665208740e+11
2.985000000000000000e+04	6.403790895300943604e+11
3.000000000000000000e+04	9.533822316653408203e+11
3.015000000000000000e+04	1.936480199733087402e+12
3.030000000000000000e+04	4.562036270452191406e+12
3.045000000000000000e+04	1.018249740373728125e+13
3.060000000000000000e+04	1.914786481686866797e+13
3.075000000000000000e+04	2.818916745355669531e+13
3.090000000000000000e+04	3.006203027048775781e+13
3.105000000000000000e+04	2.114790528393108594e+13
3.120000000000000000e+04	1.452809745521800781e+13
3.135000000000000000e+04	4.280811628904874219e+13
3.150000000000000000e+04	1.402942924185187500e+14
3.165000000000000000e+04	3.038704460967686250e+14
3.180000000000000000e+04	4.010714946794156250e+14
3.195000000000000000e+04	2.402039598129490312e+14
3.210000000000000000e+04	5.444667020848760156e+13
3.225000000000000000e+04	6.089279711520453125e+13
3.240000000000000000e+04	8.539351883011795312e+13
3.255000000000000000e+04	1.154108533353661406e+14
3.270000000000000000e+04	1.492637227064902500e+14
3.285000000000000000e+04	1.850145567649142500e+14
3.300000000000000000e+04	2.205741969649837188e+14
3.315000000000000000e+04	2.539103990987978125e+14
3.330000000000000000e+04	2.829964164011148125e+14
3.345000000000000000e+04	3.053053399445293750e+14
3.360000000000000000e+04	3.165345809775198125e+14
3.375000000000000000e+04	3.079579318379461250e+14
3.390000000000000000e+04	2.684277428207400312e+14
3.405000000000000000e+04	1.986528949728212500e+14
3.420000000000000000e+04	1.056748440351318125e+14
3.435000000000000000e+04	2.153201299328718750e+13
3.450000000000000000e+04	5.782230049973974609e+12
3.465000000000000000e+04	1.098465396990372266e+13
3.480000000000000000e+04	3.118043730176003125e+13
3.495000000000000000e+04	7.367917397983665625e+13
3.510000000000000000e+04	1.345096801072731875e+14
3.525000000000000000e+04	1.906175966464162500e+14
3.540000000000000000e+04	2.064714052944589688e+14
3.555000000000000000e+04	1.629108878309870938e+14
3.570000000000000000e+04	1.284128936291127656e+14
3.585000000000000000e+04	1.869293639506686875e+14
3.600000000000000000e+04	2.119814958787119375e+14
3.615000000000000000e+04	2.018049996206738672e+13
3.630000000000000000e+04	2.022166089406871338e+12
3.645000000000000000e+04	1.188972209577011230e+12
3.660000000000000000e+04	8.812716511894422607e+11
3.675000000000000000e+04	7.235928071190695801e+11
3.690000000000000000e+04	6.327206992938293457e+11
3.705000000000000000e+04	5.792253427457092285e+11
3.720000000000000000e+04	5.503057916080781250e+11
3.735000000000000000e+04	5.407406053365988159e+11
3.750000000000000000e+04	5.554740432433601074e+11
3.765000000000000000e+04	6.438089975287185059e+11
3.780000000000000000e+04	1.016149796258504517e+12
3.795000000000000000e+04	2.312495476048806641e+12
3.810000000000000000e+04	5.993880713524623047e+12
3.825000000000000000e+04	1.448581485701977539e+13
3.840000000000000000e+04	3.023561072762826562e+13
3.855000000000000000e+04	5.303154811584298438e+13
3.870000000000000000e+04	7.679246982941473438e+13
3.885000000000000000e+04	8.976304360167503125e+13
3.900000000000000000e+04	8.182047787727450000e+13
3.915000000000000000e+04	5.668522836061590625e+13
3.930000000000000000e+04	4.018238448363078906e+13
3.945000000000000000e+04	7.532460102952282812e+13
3.960000000000000000e+04	1.884057199020387188e+14
3.975000000000000000e+04	3.076332252909260000e+14
3.990000000000000000e+04	2.830314733794716250e+14
4.005000000000000000e+04	1.075269959634693125e+14
4.020000000000000000e+04	6.269336934009297656e+13
4.035000000000000000e+04	7.056675641056021875e+13
4.050000000000000000e+04	7.869092552019925000e+13
4.065000000000000000e+04	8.445253303595167188e+13
4.080000000000000000e+04	8.681961534512559375e+13
4.095000000000000000e+04	8.517644202242582812e+13
4.110000000000000000e+04	7.939234002440925000e+13
4.125000000000000000e+04	6.990111231028253125e+13
4.140000000000000000e+04	5.777472987746703125e+13
4.155000000000000000e+04	4.483761485266179688e+13
4.170000000000000000e+04	3.390316386726676172e+13
4.185000000000000000e+04	2.938208752252727734e+13
4.200000000000000000e+04	3.889251332083613281e+13
4.215000000000000000e+04	7.288586226720221875e+13
4.230000000000000000e+04	1.283696318808498281e+14
4.245000000000000000e+04	1.812151731934030000e+14
4.260000000000000000e+04	2.293049849560840000e+14
4.275000000000000000e+04	2.810200803669369688e+14
4.290000000000000000e+04	2.130650718859436250e+14
4.305000000000000000e+04	9.341990588238543750e+13
4.320000000000000000e+04	1.255049611233962656e+14
4.335000000000000000e+04	1.711092033346250000e+14
4.350000000000000000e+04	1.779351740580332812e+14
4.365000000000000000e+04	1.546977756593779062e+14
4.380000000000000000e+04	1.380089591682013438e+14
4.395000000000000000e+04	1.575163198042187500e+14
4.410000000000000000e+04	5.833194236566553125e+13
4.425000000000000000e+04	3.838825686056898438e+12
4.440000000000000000e+04	1.244752248475848877e+12
4.455000000000000000e+04	8.902782653005638428e+11
4.470000000000000000e+04	7.413848719289243164e+11
4.485000000000000000e+04	6.966555303198680420e+11
4.500000000000000000e+04	7.441924940269816895e+11
4.515000000000000000e+04	8.928634727804987793e+11
4.530000000000000000e+04	1.136102709388467285e+12
4.545000000000000000e+04	1.412735282709906982e+12
4.560000000000000000e+04	1.600765510469531982e+12
4.575000000000000000e+04	1.642349019254308594e+12
4.590000000000000000e+04	1.913930936526344727e+12
4.605000000000000000e+04	3.801461548632104004e+12
4.620000000000000000e+04	1.004488120998111914e+13
4.635000000000000000e+04	2.401770700022650000e+13
4.650000000000000000e+04	4.734469832967389844e+13
4.665000000000000000e+04	7.664805976043851562e+13
4.680000000000000000e+04	1.020846362755139844e+14
4.695000000000000000e+04	1.107349446359669062e+14
4.710000000000000000e+04	9.552589797260750000e+13
4.725000000000000000e+04	6.652463668281365625e+13
4.740000000000000000e+04	5.673125000757174219e+13
4.755000000000000000e+04	1.015196553066788281e+14
4.770000000000000000e+04	1.816350717713934375e+14
4.785000000000000000e+04	2.142348949563257500e+14
4.800000000000000000e+04	1.125017654578343750e+14
4.815000000000000000e+04	2.054185028632210547e+13
4.830000000000000000e+04	8.547646703576161133e+12
4.845000000000000000e+04	6.706158152098948242e+12
4.860000000000000000e+04	5.254783569761877930e+12
4.875000000000000000e+04	4.248063899173887207e+12
4.890000000000000000e+04	4.114198556928265137e+12
4.905000000000000000e+04	5.412277992470612305e+12
4.920000000000000000e+04	8.818144280072031250e+12
4.935000000000000000e+04	1.516177283241566406e+13
4.950000000000000000e+04	2.547684558521160938e+13
4.965000000000000000e+04	4.095521065309196094e+13
4.980000000000000000e+04	6.262411050769757812e+13
4.995000000000000000e+04	9.061177233451435938e+13
5.010000000000000000e+04	1.231614901531230938e+14
5.025000000000000000e+04	1.560248305213507188e+14
5.040000000000000000e+04	1.830647398032100625e+14
5.055000000000000000e+04	1.983883110032069688e+14
5.070000000000000000e+04	1.997533645653823438e+14
5.085000000000000000e+04	1.923114810608555625e+14
5.100000000000000000e+04	1.875025097298930000e+14
5.115000000000000000e+04	1.918507702593302812e+14
5.130000000000000000e+04	1.942143380096483125e+14
5.145000000000000000e+04	1.776675969783565625e+14
5.160000000000000000e+04	1.577477325365032812e+14
5.175000000000000000e+04	1.303844304516800625e+14
5.190000000000000000e+04	1.138290841301897656e+14
5.205000000000000000e+04	7.568936296582354688e+13
5.220000000000000000e+04	1.283681766052012695e+13
5.235000000000000000e+04	1.603698982496823486e+12
5.250000000000000000e+04	9.905286823057288818e+11
5.265000000000000000e+04	9.205058202472192383e+11
5.280000000000000000e+04	1.108406507348339844e+12
5.295000000000000000e+04	1.638977739534174561e+12
5.310000000000000000e+04	2.647059987500143555e+12
5.325000000000000000e+04	4.216931143046335449e+12
5.340000000000000000e+04	6.235962547446514648e+12
5.355000000000000000e+04	8.252259994727830078e+12
5.370000000000000000e+04	9.490046977764562500e+12
5.385000000000000000e+04	9.220070132985060547e+12
5.400000000000000000e+04	7.542133475698890625e+12
5.415000000000000000e+04	6.247529702835690430e+12
5.430000000000000000e+04	8.977843931565253906e+12
5.445000000000000000e+04	1.985485538940141016e+13
5.460000000000000000e+04	4.054500235321549219e+13
5.475000000000000000e+04	6.717291013183284375e+13
5.490000000000000000e+04	8.969768121795792188e+13
5.505000000000000000e+04	9.629930294354310938e+13
5.520000000000000000e+04	8.341761795887312500e+13
5.535000000000000000e+04	6.623539712650483594e+13
5.550000000000000000e+04	7.151919304079031250e+13
5.565000000000000000e+04	1.072457685943570938e+14
5.580000000000000000e+04	1.473460192937854062e+14
5.595000000000000000e+04	1.193796652948198750e+14
5.610000000000000000e+04	3.826499606001960156e+13
5.625000000000000000e+04	1.238104801369310352e+13
5.640000000000000000e+04	1.393047329431001562e+13
5.655000000000000000e+04	1.852287745372020312e+13
5.670000000000000000e+04	2.419918801224914062e+13
5.685000000000000000e+04	3.072861309806817578e+13
5.700000000000000000e+04	3.783667830556898438e+13
5.715000000000000000e+04	4.520756928398966406e+13
5.730000000000000000e+04	5.262030867410810156e+13
5.745000000000000000e+04	6.015489288263364844e+13
5.760000000000000000e+04	6.834612440890030469e+13
5.775000000000000000e+04	7.807221942326193750e+13
5.790000000000000000e+04	8.998376135123142188e+13
5.805000000000000000e+04	1.035235493843126250e+14
5.820000000000000000e+04	1.160401087666603281e+14
5.835000000000000000e+04	1.228844121520256875e+14
5.850000000000000000e+04	1.192635507504290000e+14
5.865000000000000000e+04	1.037542694824804219e+14
5.880000000000000000e+04	8.194518299192709375e+13
5.895000000000000000e+04	6.702280216957789844e+13
5.910000000000000000e+04	7.331983557738775000e+13
5.925000000000000000e+04	1.039902851653392188e+14
5.940000000000000000e+04	1.466277336146444375e+14
5.955000000000000000e+04	1.827200193761790312e+14
5.970000000000000000e+04	1.948825110760514688e+14
5.985000000000000000e+04	1.928985735810251250e+14
6.000000000000000000e+04	1.653066055937808750e+14
6.015000000000000000e+04	6.704481038459582812e+13
6.030000000000000000e+04	1.013315938829633594e+13
6.045000000000000000e+04	1.963937801309708740e+12
6.060000000000000000e+04	1.245072064489125488e+12
6.075000000000000000e+04	1.287608021053752686e+12
6.090000000000000000e+04	1.937897374397164307e+12
6.105000000000000000e+04	3.479067772761667480e+12
6.120000000000000000e+04	6.234500813830799805e+12
6.135000000000000000e+04	1.031948353264289258e+13
6.150000000000000000e+04	1.534466974546879688e+13
6.165000000000000000e+04	2.022193532701862891e+13
6.180000000000000000e+04	2.332300163836994531e+13
6.195000000000000000e+04	2.317802079585507031e+13
6.210000000000000000e+04	1.960020540690558984e+13
6.225000000000000000e+04	1.466601680068605078e+13
6.240000000000000000e+04	1.266985974202160156e+13
6.255000000000000000e+04	1.839113967506759375e+13
6.270000000000000000e+04	3.393597088889553125e+13
6.285000000000000000e+04	5.579109210861203125e+13
6.300000000000000000e+04	7.491535988538064062e+13
6.315000000000000000e+04	8.245989048914001562e+13
6.330000000000000000e+04	7.893412658813882812e+13
6.345000000000000000e+04	7.519063381757610938e+13
6.360000000000000000e+04	8.264471845404120312e+13
6.375000000000000000e+04	1.053755447940376094e+14
6.390000000000000000e+04	1.103956095935676094e+14
6.405000000000000000e+04	6.319661092001500000e+13
6.420000000000000000e+04	2.625027714243990234e+13
6.435000000000000000e+04	2.140848103312169141e+13
6.450000000000000000e+04	2.374614640129619531e+13
6.465000000000000000e+04	2.654107788923522266e+13
6.480000000000000000e+04	2.916225290296568359e+13
6.495000000000000000e+04	3.123112609259926953e+13
6.510000000000000000e+04	3.228862546309616016e+13
6.525000000000000000e+04	3.191873995446739844e+13
6.540000000000000000e+04	3.001867741663755469e+13
6.555000000000000000e+04	2.712767526941848047e+13
6.570000000000000000e+04	2.461119808215085156e+13
6.585000000000000000e+04	2.443524507207641016e+13
6.600000000000000000e+04	2.837675616154478516e+13
6.615000000000000000e+04	3.685217458976610938e+13
6.630000000000000000e+04	4.798331374636088281e+13
6.645000000000000000e+04	5.776525126194295312e+13
6.660000000000000000e+04	6.192003741937003125e+13
6.675000000000000000e+04	5.907160410920520312e+13
6.690000000000000000e+04	5.346805748083770312e+13
6.705000000000000000e+04	5.439111093530170312e+13
6.720000000000000000e+04	7.067054341702609375e+13
6.735000000000000000e+04	1.037491158516857812e+14
6.750000000000000000e+04	1.431895325323321250e+14
6.765000000000000000e+04	1.666814913606815625e+14
6.780000000000000000e+04	1.622630812961218438e+14
6.795000000000000000e+04	1.446088218384232500e+14
6.810000000000000000e+04	1.139825625137990000e+14
6.825000000000000000e+04	8.222169923239826562e+13
6.840000000000000000e+04	5.938576415281178125e+13
6.855000000000000000e+04	3.353839535737776562e+13
6.870000000000000000e+04	1.154902356320473438e+13
6.885000000000000000e+04	3.243473825584522461e+12
6.900000000000000000e+04	2.520652622667074707e+12
6.915000000000000000e+04	4.118248294790279785e+12
6.930000000000000000e+04	7.564112616927709961e+12
6.945000000000000000e+04	1.297830161258494336e+13
6.960000000000000000e+04	1.986756088834273828e+13
6.975000000000000000e+04	2.678171131648556250e+13
6.990000000000000000e+04	3.162271627800907031e+13
7.005000000000000000e+04	3.249118583657931641e+13
7.020000000000000000e+04	2.892623772937448047e+13
7.035000000000000000e+04	2.287679066196676953e+13
7.050000000000000000e+04	1.854289405070719922e+13
7.065000000000000000e+04	2.054339202492259766e+13
7.080000000000000000e+04	3.088258357495692578e+13
7.095000000000000000e+04	4.669270758078641406e+13
7.110000000000000000e+04	6.150708039672693750e+13
7.125000000000000000e+04	6.998872893791338281e+13
7.140000000000000000e+04	7.078457639932704688e+13
7.155000000000000000e+04	6.766142538845457812e+13
7.170000000000000000e+04	7.138136264387756250e+13
7.185000000000000000e+04	7.804366299906009375e+13
7.200000000000000000e+04	5.704820068590132812e+13
7.215000000000000000e+04	2.209259261721103516e+13
7.230000000000000000e+04	7.876066432128484375e+12
7.245000000000000000e+04	6.262961773675158203e+12
7.260000000000000000e+04	6.934120735659341797e+12
7.275000000000000000e+04	8.325681090827675781e+12
7.290000000000000000e+04	1.028060604710997266e+13
7.305000000000000000e+04	1.247708150086214648e+13
7.320000000000000000e+04	1.435868892983469531e+13
7.335000000000000000e+04	1.531596169145805078e+13
7.350000000000000000e+04	1.504725943035066992e+13
7.365000000000000000e+04	1.397324480569467383e+13
7.380000000000000000e+04	1.345511460814119141e+13
7.395000000000000000e+04	1.553666102593594727e+13
7.410000000000000000e+04	2.209049578230109766e+13
7.425000000000000000e+04	3.360531834812844922e+13
7.440000000000000000e+04	4.826344487992573438e+13
7.455000000000000000e+04	6.214649484528778125e+13
7.470000000000000000e+04	7.104820607135532812e+13
7.485000000000000000e+04	7.329514630239023438e+13
7.500000000000000000e+04	7.161026315113315625e+13
7.515000000000000000e+04	7.205171851840975000e+13
7.530000000000000000e+04	8.040811862390820312e+13
7.545000000000000000e+04	9.705465199984895312e+13
7.560000000000000000e+04	1.118546880687188906e+14
7.575000000000000000e+04	1.107055690485764844e+14
7.590000000000000000e+04	9.433800294981942188e+13
7.605000000000000000e+04	7.099930129026798438e+13
7.620000000000000000e+04	4.771367358434548438e+13
7.635000000000000000e+04	3.563397632395389844e+13
7.650000000000000000e+04	3.154942690241415625e+13
7.665000000000000000e+04	3.040186833692081641e+13
7.680000000000000000e+04	3.274495122601718750e+13
7.695000000000000000e+04	3.916947440400775000e+13
7.710000000000000000e+04	4.283480339250271875e+13
7.725000000000000000e+04	3.253225606761434375e+13
7.740000000000000000e+04	1.723368432370954883e+13
7.755000000000000000e+04	1.318351534131355469e+13
7.770000000000000000e+04	1.789628195818590625e+13
7.785000000000000000e+04	2.465828263792507812e+13
7.800000000000000000e+04	3.005711443085603906e+13
7.815000000000000000e+04	3.196746742215821094e+13
7.830000000000000000e+04	2.966272633758360938e+13
7.845000000000000000e+04	2.460467397249034766e+13
7.860000000000000000e+04	2.023192076337817969e+13
7.875000000000000000e+04	2.030687178988860547e+13
7.890000000000000000e+04	2.661412417625116016e+13
7.905000000000000000e+04	3.778961003056849219e+13
7.920000000000000000e+04	4.988631484403082812e+13
7.935000000000000000e+04	5.734299203378682812e+13
7.950000000000000000e+04	5.662173648442079688e+13
7.965000000000000000e+04	5.336956657211995312e+13
7.980000000000000000e+04	5.448144998904164062e+13
7.995000000000000000e+04	4.706557280169035938e+13
8.010000000000000000e+04	2.426640063477790625e+13
8.025000000000000000e+04	7.682054377517372070e+12
8.040000000000000000e+04	3.897292941238222656e+12
8.055000000000000000e+04	4.805024234044442383e+12
8.070000000000000000e+04	7.175744090584538086e+12
8.085000000000000000e+04	1.073699591188772461e+13
8.100000000000000000e+04	1.538251473189627148e+13
8.115000000000000000e+04	2.064676731034583203e+13
8.130000000000000000e+04	2.568788697418718359e+13
8.145000000000000000e+04	2.949945951393266406e+13
8.160000000000000000e+04	3.132576182565504297e+13
8.175000000000000000e+04	3.113952455753537500e+13
8.190000000000000000e+04	2.992049483067378516e+13
8.205000000000000000e+04	2.945923972559926172e+13
8.220000000000000000e+04	3.158304983831336328e+13
8.235000000000000000e+04	3.705392179927303906e+13
8.250000000000000000e+04	4.476859514219851562e+13
8.265000000000000000e+04	5.198776839674902344e+13
8.280000000000000000e+04	5.580810075228114062e+13
8.295000000000000000e+04	5.507522424024581250e+13
8.310000000000000000e+04	5.146235079392112500e+13
8.325000000000000000e+04	4.914363598536233594e+13
8.340000000000000000e+04	5.240709603910831250e+13
8.355000000000000000e+04	6.044566572310842969e+13
8.370000000000000000e+04	6.476437195852100781e+13
8.385000000000000000e+04	5.838072214870850781e+13
8.400000000000000000e+04	4.426734883934274219e+13
8.415000000000000000e+04	2.943453012963383203e+13
8.430000000000000000e+04	2.218150290919059375e+13
8.445000000000000000e+04	2.378159733046371094e+13
8.460000000000000000e+04	2.879375034790098047e+13
8.475000000000000000e+04	3.397754095209112500e+13
8.490000000000000000e+04	3.836549913586432812e+13
8.505000000000000000e+04	4.150007018085850781e+13
8.520000000000000000e+04	4.294682226060920312e+13
8.535000000000000000e+04	4.211134976876336719e+13
8.550000000000000000e+04	3.816527494292402344e+13
8.565000000000000000e+04	3.105032852803656641e+13
8.580000000000000000e+04	2.414182801020984375e+13
8.595000000000000000e+04	2.233690190404560938e+13
8.610000000000000000e+04	2.488739856952213281e+13
8.625000000000000000e+04	2.712836777009857031e+13
8.640000000000000000e+04	2.655495613449376562e+13
8.655000000000000000e+04	2.367802349511896094e+13
8.670000000000000000e+04	2.081380135470870312e+13
8.685000000000000000e+04	2.079616761904738281e+13
8.700000000000000000e+04	2.558397995579571875e+13
8.715000000000000000e+04	3.484601905550911328e+13
8.730000000000000000e+04	4.462740488331383594e+13
8.745000000000000000e+04	4.910725766621633594e+13
8.760000000000000000e+04	4.755717760812010938e+13
8.775000000000000000e+04	4.574306157237056250e+13
8.790000000000000000e+04	4.245104544003483594e+13
8.805000000000000000e+04	3.011866699964040625e+13
8.820000000000000000e+04	1.588051705244193945e+13
8.835000000000000000e+04	9.545721259985005859e+12
8.850000000000000000e+04	8.600413136991172852e+12
8.865000000000000000e+04	9.181831093048423828e+12
8.880000000000000000e+04	1.050171397985289258e+13
8.895000000000000000e+04	1.272709334584552930e+13
8.910000000000000000e+04	1.590627196830540820e+13
8.925000000000000000e+04	1.970607492543500391e+13
8.940000000000000000e+04	2.337571134808407031e+13
8.955000000000000000e+04	2.592704084997001562e+13
8.970000000000000000e+04	2.652443049477375391e+13
8.985000000000000000e+04	2.495292833833484375e+13
9.000000000000000000e+04	2.192027461891216797e+13
9.015000000000000000e+04	1.894203991427577734e+13
9.030000000000000000e+04	1.772948446191010547e+13
9.045000000000000000e+04	1.931800071971601172e+13
9.060000000000000000e+04	2.344639298139320703e+13
9.075000000000000000e+04	2.862655627542039844e+13
9.090000000000000000e+04	3.288303010158307812e+13
9.105000000000000000e+04	3.483707703646677734e+13
9.120000000000000000e+04	3.493713214943014062e+13
9.135000000000000000e+04	3.597707615148036719e+13
9.150000000000000000e+04	4.070608448700559375e+13
9.165000000000000000e+04	4.703009057761782812e+13
9.180000000000000000e+04	4.842713775567207031e+13
9.195000000000000000e+04	4.204999713861123438e+13
9.210000000000000000e+04	3.171185465568504297e+13
9.225000000000000000e+04	2.402158078442326953e+13
9.240000000000000000e+04	2.250959693635972266e+13
9.255000000000000000e+04	2.494435922096819531e+13
9.270000000000000000e+04	2.821829249027925781e+13
9.285000000000000000e+04	3.091381387571974609e+13
9.300000000000000000e+04	3.232976662609719922e+13
9.315000000000000000e+04	3.201371002888835547e+13
9.330000000000000000e+04	2.995701055185937500e+13
9.345000000000000000e+04	2.681487926742357031e+13
9.360000000000000000e+04	2.385405588885952344e+13
9.375000000000000000e+04	2.260947819853505078e+13
9.390000000000000000e+04	2.438066337910677734e+13
9.405000000000000000e+04	2.937132589782074219e+13
9.420000000000000000e+04	3.505127978671772656e+13
9.435000000000000000e+04	3.636277644780518750e+13
9.450000000000000000e+04	3.158032998682060938e+13
9.465000000000000000e+04	2.517520259891298438e+13
9.480000000000000000e+04	2.129163566719538672e+13
9.495000000000000000e+04	2.110073286549207812e+13
9.510000000000000000e+04	2.509489640541372266e+13
9.525000000000000000e+04	3.209585771393156250e+13
9.540000000000000000e+04	3.800084303421834375e+13
9.555000000000000000e+04	3.932655354576787500e+13
9.570000000000000000e+04	3.751754201825241406e+13
9.585000000000000000e+04	3.459891697127545703e+13
9.600000000000000000e+04	2.762644758865529688e+13
9.615000000000000000e+04	1.729223413955994141e+13
9.630000000000000000e+04	1.010561192503151367e+13
9.645000000000000000e+04	7.447369470478422852e+12
9.660000000000000000e+04	6.509129818212658203e+12
9.675000000000000000e+04	5.871278650066513672e+12
9.690000000000000000e+04	5.583847585397062500e+12
9.705000000000000000e+04	6.040771123025554688e+12
9.720000000000000000e+04	7.516509033511083008e+12
9.735000000000000000e+04	9.953009681075419922e+12
9.750000000000000000e+04	1.287766615311159570e+13
9.765000000000000000e+04	1.550991625474472266e+13
9.780000000000000000e+04	1.706526024035520703e+13
9.795000000000000000e+04	1.715284233817343945e+13
9.810000000000000000e+04	1.606744168660653516e+13
9.825000000000000000e+04	1.478000353907005469e+13
9.840000000000000000e+04	1.457300266292822461e+13
9.855000000000000000e+04	1.647173002648871484e+13
9.870000000000000000e+04	2.071474455268083594e+13
9.885000000000000000e+04	2.644098413363782812e+13
9.900000000000000000e+04	3.182771119411857422e+13
9.915000000000000000e+04	3.512254990130482812e+13
9.930000000000000000e+04	3.637962278804389062e+13
9.945000000000000000e+04	3.782847710049230469e+13
9.960000000000000000e+04	4.081097325615913281e+13
9.975000000000000000e+04	4.255142987588841406e+13
9.990000000000000000e+04	3.901630910882599219e+13
1.000500000000000000e+05	3.040745055530548438e+13
1.002000000000000000e+05	2.118657143594886719e+13
1.003500000000000000e+05	1.561703528157474414e+13
1.005000000000000000e+05	1.409022258952613477e+13
1.006500000000000000e+05	1.466142699373497656e+13
1.008000000000000000e+05	1.594394703812291992e+13
1.009500000000000000e+05	1.732134624600453711e+13
1.011000000000000000e+05	1.836952708089147266e+13
1.012500000000000000e+05	1.877147810111480859e+13
1.014000000000000000e+05	1.847755382700119141e+13
1.015500000000000000e+05	1.783964595583450391e+13
1.017000000000000000e+05	1.757707711031501562e+13
1.018500000000000000e+05	1.851728609921693750e+13
1.020000000000000000e+05	2.118353384571708984e+13
1.021500000000000000e+05	2.541843377039571094e+13
1.023000000000000000e+05	3.023464318640332422e+13
1.024500000000000000e+05	3.397022332826238672e+13
1.026000000000000000e+05	3.477964878796785938e+13
1.027500000000000000e+05	3.171143417293687109e+13
1.029000000000000000e+05	2.631970795402130469e+13
1.030500000000000000e+05	2.259263952169129688e+13
1.032000000000000000e+05	2.325876753420441406e+13
1.033500000000000000e+05	2.671373389621159375e+13
1.035000000000000000e+05	2.909734844643396484e+13
1.036500000000000000e+05	2.868730482971496484e+13
1.038000000000000000e+05	2.639137427061020703e+13
1.039500000000000000e+05	2.206930839036158984e+13
1.041000000000000000e+05	1.553386664749095703e+13
1.042500000000000000e+05	9.883704610454990234e+12
1.044000000000000000e+05	7.427400729591757812e+12
1.045500000000000000e+05	6.946072271918144531e+12
1.047000000000000000e+05	6.790865793496569336e+12
1.048500000000000000e+05	6.473137337472388672e+12
1.050000000000000000e+05	6.197397206050988281e+12
1.051500000000000000e+05	6.366568174968730469e+12
1.053000000000000000e+05	7.335946974767499023e+12
1.054500000000000000e+05	9.225866818747972656e+12
1.056000000000000000e+05	1.180733226412749219e+13
1.057500000000000000e+05	1.453001032811713281e+13
1.059000000000000000e+05	1.671490674777954102e+13
1.060500000000000000e+05	1.785006492537669531e+13
1.062000000000000000e+05	1.786268670153780078e+13
1.063500000000000000e+05	1.724069851892217578e+13
1.065000000000000000e+05	1.692760779759547461e+13
1.066500000000000000e+05	1.795178464255180469e+13
1.068000000000000000e+05	2.079799621212637109e+13
1.069500000000000000e+05	2.479200467778256250e+13
1.071000000000000000e+05	2.821537176841732031e+13
1.072500000000000000e+05	2.967265342550768359e+13
1.074000000000000000e+05	2.965697975186916406e+13
1.075500000000000000e+05	2.989750685381689844e+13
1.077000000000000000e+05	3.040995564715906641e+13
1.078500000000000000e+05	2.867502157639338672e+13
1.080000000000000000e+05	2.306989937822331641e+13
1.081500000000000000e+05	1.547430046395215430e+13
1.083000000000000000e+05	9.382713287442960938e+12
1.084500000000000000e+05	6.490311311811898438e+12
1.086000000000000000e+05	6.134564153111676758e+12
1.087500000000000000e+05	7.181924392744040039e+12
1.089000000000000000e+05	9.015446057655941406e+12
1.090500000000000000e+05	1.124212596584259375e+13
1.092000000000000000e+05	1.343986812327586328e+13
1.093500000000000000e+05	1.520598200669683203e+13
1.095000000000000000e+05	1.631166670305754688e+13
1.096500000000000000e+05	1.681817067123400977e+13
1.098000000000000000e+05	1.707372714727725000e+13
1.099500000000000000e+05	1.757130470368433398e+13
1.101000000000000000e+05	1.871628126103877734e+13
1.102500000000000000e+05	2.059480774139186328e+13
1.104000000000000000e+05	2.283812249164511719e+13
1.105500000000000000e+05	2.468680218694632031e+13
1.107000000000000000e+05	2.537296573292002344e+13
1.108500000000000000e+05	2.479141400770149219e+13
1.110000000000000000e+05	2.397402904091721484e+13
1.111500000000000000e+05	2.451150078144299609e+13
1.113000000000000000e+05	2.675442628460007812e+13
1.114500000000000000e+05	2.867183372253879688e+13
1.116000000000000000e+05	2.783830013157419922e+13
1.117500000000000000e+05	2.435197357046222656e+13
1.119000000000000000e+05	1.969691308668244922e+13
1.120500000000000000e+05	1.455852520259716016e+13
1.122000000000000000e+05	1.012334210474847656e+13
1.123500000000000000e+05	7.912676166398608398e+12
1.125000000000000000e+05	7.744597950066538086e+12
1.126500000000000000e+05	8.283450510551509766e+12
1.128000000000000000e+05	8.636650508782858398e+12
1.129500000000000000e+05	8.575486098794296875e+12
1.131000000000000000e+05	8.233850134925798828e+12
1.132500000000000000e+05	7.921423317771868164e+12
1.134000000000000000e+05	7.987621411305778320e+12
1.135500000000000000e+05	8.671353973937339844e+12
1.137000000000000000e+05	9.973480145010738281e+12
1.138500000000000000e+05	1.161277430177706250e+13
1.140000000000000000e+05	1.310290985093035742e+13
1.141500000000000000e+05	1.394583016582378320e+13
1.143000000000000000e+05	1.389476032798564453e+13
1.144500000000000000e+05	1.319101953683937891e+13
1.146000000000000000e+05	1.260399579098527539e+13
1.147500000000000000e+05	1.307638579070221875e+13
1.149000000000000000e+05	1.500251127711038672e+13
1.150500000000000000e+05	1.768633006102175000e+13
1.152000000000000000e+05	1.976950079089736328e+13
1.153500000000000000e+05	2.058197900636955078e+13
1.155000000000000000e+05	2.085985741396153906e+13
1.156500000000000000e+05	2.143478987019710938e+13
1.158000000000000000e+05	2.148853474867604688e+13
1.159500000000000000e+05	1.937923561884571875e+13
1.161000000000000000e+05	1.509280340692430078e+13
1.162500000000000000e+05	1.060956602895508789e+13
1.164000000000000000e+05	7.756948774630513672e+12
1.165500000000000000e+05	6.766070881545399414e+12
1.167000000000000000e+05	6.948951830776691406e+12
1.168500000000000000e+05	7.795470350633310547e+12
1.170000000000000000e+05	9.097501034189550781e+12
1.171500000000000000e+05	1.067348623710298438e+13
1.173000000000000000e+05	1.224336328550709180e+13
1.174500000000000000e+05	1.347499009908999219e+13
1.176000000000000000e+05	1.410573737658096875e+13
1.177500000000000000e+05	1.406787003992862500e+13
1.179000000000000000e+05	1.355894772905243750e+13
1.180500000000000000e+05	1.301258581319269727e+13
1.182000000000000000e+05	1.294949072674922461e+13
1.183500000000000000e+05	1.372984719795114453e+13
1.185000000000000000e+05	1.530595706190568750e+13
1.186500000000000000e+05	1.717022203595775195e+13
1.188000000000000000e+05	1.867296135160987109e+13
1.189500000000000000e+05	1.959276351584413281e+13
1.191000000000000000e+05	2.043128667589997656e+13
1.192500000000000000e+05	2.191866028132548047e+13
1.194000000000000000e+05	2.401661640184679297e+13
1.195500000000000000e+05	2.559047235123067969e+13
1.197000000000000000e+05	2.527864931461046875e+13
1.198500000000000000e+05	2.238667790034839844e+13
1.200000000000000000e+05	1.721807639200510938e+13
1.201500000000000000e+05	1.146453921218658008e+13
1.203000000000000000e+05	7.392139801611766602e+12
1.204500000000000000e+05	5.849125778384738281e+12
1.206000000000000000e+05	5.943840228459397461e+12
1.207500000000000000e+05	6.515430135447627930e+12
1.209000000000000000e+05	6.923557091474550781e+12
1.210500000000000000e+05	6.952374756399753906e+12
1.212000000000000000e+05	6.625463796936538086e+12
1.213500000000000000e+05	6.138860502171202148e+12
1.215000000000000000e+05	5.784915444591986328e+12
1.216500000000000000e+05	5.852010081662316406e+12
1.218000000000000000e+05	6.495113819063061523e+12
1.219500000000000000e+05	7.635486483545459961e+12
1.221000000000000000e+05	8.947397302572316406e+12
1.222500000000000000e+05	9.983727748822414062e+12
1.224000000000000000e+05	1.043913879611781250e+13
1.225500000000000000e+05	1.042808577175791016e+13
1.227000000000000000e+05	1.052800485895203711e+13
1.228500000000000000e+05	1.139801196277598828e+13
1.230000000000000000e+05	1.316061316857224414e+13
1.231500000000000000e+05	1.516085069236234570e+13
1.233000000000000000e+05	1.655815788877016016e+13
1.234500000000000000e+05	1.722693648435478125e+13
1.236000000000000000e+05	1.771070737170498047e+13
1.237500000000000000e+05	1.808044120966120312e+13
1.239000000000000000e+05	1.746495606087549805e+13
1.240500000000000000e+05	1.524740482325009961e+13
1.242000000000000000e+05	1.214576562537097070e+13
1.243500000000000000e+05	9.496350612397656250e+12
1.245000000000000000e+05	7.917799007392152344e+12
1.246500000000000000e+05	7.141133215275497070e+12
1.248000000000000000e+05	6.770301299352521484e+12
1.249500000000000000e+05	6.673172065882194336e+12
1.251000000000000000e+05	6.888987124231158203e+12
1.252500000000000000e+05	7.426747547967001953e+12
1.254000000000000000e+05	8.175603493147773438e+12
1.255500000000000000e+05	8.914977539597550781e+12
1.257000000000000000e+05	9.395053882734849609e+12
1.258500000000000000e+05	9.460281784634007812e+12
1.260000000000000000e+05	9.168995006696537109e+12
1.261500000000000000e+05	8.837922258205832031e+12
1.263000000000000000e+05	8.940062741034011719e+12
1.264500000000000000e+05	9.848770230657187500e+12
1.266000000000000000e+05	1.155707802602695898e+13
1.267500000000000000e+05	1.361167551893635352e+13
1.269000000000000000e+05	1.541306302802859961e+13
1.270500000000000000e+05	1.669964305099073047e+13
1.272000000000000000e+05	1.772341436660689062e+13
1.273500000000000000e+05	1.880855104421362500e+13
1.275000000000000000e+05	1.973078163874821094e+13
1.276500000000000000e+05	1.974041092850675000e+13
1.278000000000000000e+05	1.822393276875286328e+13
1.279500000000000000e+05	1.522606773731085156e+13
1.281000000000000000e+05	1.157041492528297461e+13
1.282500000000000000e+05	8.526583265814320312e+12
1.284000000000000000e+05	6.904202017502435547e+12
1.285500000000000000e+05	6.477433793700590820e+12
1.287000000000000000e+05	6.459709176201271484e+12
1.288500000000000000e+05	6.356722276382884766e+12
1.290000000000000000e+05	6.161397254023795898e+12
1.291500000000000000e+05	5.989292571871806641e+12
1.293000000000000000e+05	5.807060704529805664e+12
1.294500000000000000e+05	5.560480158873574219e+12
1.296000000000000000e+05	5.346935702166842773e+12
1.297500000000000000e+05	5.389090741439448242e+12
1.299000000000000000e+05	5.888659014171228516e+12
1.300500000000000000e+05	6.866200259068771484e+12
1.302000000000000000e+05	8.100178072708928711e+12
1.303500000000000000e+05	9.218189263343140625e+12
1.305000000000000000e+05	9.939237028446505859e+12
1.306500000000000000e+05	1.031103746569355664e+13
1.308000000000000000e+05	1.070533833348214062e+13
1.309500000000000000e+05	1.148354885426723828e+13
1.311000000000000000e+05	1.259570132383250000e+13
1.312500000000000000e+05	1.357556985418945898e+13
1.314000000000000000e+05	1.403876892679580078e+13
1.315500000000000000e+05	1.407872476771433984e+13
1.317000000000000000e+05	1.392972980055250195e+13
1.318500000000000000e+05	1.337690268382758789e+13
1.320000000000000000e+05	1.196346671128174219e+13
1.321500000000000000e+05	9.800086373340851562e+12
1.323000000000000000e+05	7.655623962898649414e+12
1.324500000000000000e+05	6.174443293668644531e+12
1.326000000000000000e+05	5.367258060218162109e+12
1.327500000000000000e+05	4.902529188794350586e+12
1.329000000000000000e+05	4.563579248366412109e+12
1.330500000000000000e+05	4.360464197539124512e+12
1.332000000000000000e+05	4.408967832726734375e+12
1.333500000000000000e+05	4.795960529792949219e+12
1.335000000000000000e+05	5.495450649765904297e+12
1.336500000000000000e+05	6.357163281234758789e+12
1.338000000000000000e+05	7.140006376400656250e+12
1.339500000000000000e+05	7.637531854353760742e+12
1.341000000000000000e+05	7.812364522897982422e+12
1.342500000000000000e+05	7.865676510664218750e+12
1.344000000000000000e+05	8.153085557304937500e+12
1.345500000000000000e+05	8.951261980986056641e+12
1.347000000000000000e+05	1.022435932022707812e+13
1.348500000000000000e+05	1.160910984718406836e+13
1.350000000000000000e+05	1.269748246642842969e+13
1.351500000000000000e+05	1.338631535905995117e+13
1.353000000000000000e+05	1.389673093696004688e+13
1.354500000000000000e+05	1.437798427867794141e+13
1.356000000000000000e+05	1.456543290603337500e+13
1.357500000000000000e+05	1.395576226344902930e+13
1.359000000000000000e+05	1.230836272445637500e+13
1.360500000000000000e+05	9.959611171493742188e+12
1.362000000000000000e+05	7.691761423444181641e+12
1.363500000000000000e+05	6.217164474599395508e+12
1.365000000000000000e+05	5.748888605963856445e+12
1.366500000000000000e+05	6.031411314535293945e+12
1.368000000000000000e+05	6.634392953855214844e+12
1.369500000000000000e+05	7.138561785989283203e+12
1.371000000000000000e+05	7.258220015433635742e+12
1.372500000000000000e+05	6.940468604839150391e+12
1.374000000000000000e+05	6.365696014961029297e+12
1.375500000000000000e+05	5.770906085423117188e+12
1.377000000000000000e+05	5.321551458351864258e+12
1.378500000000000000e+05	5.142859651285419922e+12
1.380000000000000000e+05	5.346636840178465820e+12
1.381500000000000000e+05	5.952892275327417969e+12
1.383000000000000000e+05	6.807166452737314453e+12
1.384500000000000000e+05	7.636264627958413086e+12
1.386000000000000000e+05	8.227988340570711914e+12
1.387500000000000000e+05	8.599944499834178711e+12
1.389000000000000000e+05	8.966166253258591797e+12
1.390500000000000000e+05	9.493924991223347656e+12
1.392000000000000000e+05	1.008752519418979102e+13
1.393500000000000000e+05	1.047369160609312500e+13
1.395000000000000000e+05	1.050713897759079492e+13
1.396500000000000000e+05	1.025765498908925391e+13
1.398000000000000000e+05	9.738033268527136719e+12
1.399500000000000000e+05	8.773717036410506836e+12
1.401000000000000000e+05	7.337762745626666016e+12
1.402500000000000000e+05	5.820278096723642578e+12
1.404000000000000000e+05	4.738963311445758789e+12
1.405500000000000000e+05	4.263204931872789062e+12
1.407000000000000000e+05	4.177446628812773926e+12
1.408500000000000000e+05	4.190772492212940918e+12
1.410000000000000000e+05	4.164936159700077637e+12
1.411500000000000000e+05	4.128631158172966797e+12
1.413000000000000000e+05	4.202921442364199707e+12
1.414500000000000000e+05	4.498134331840131836e+12
1.416000000000000000e+05	5.043875217690559570e+12
1.417500000000000000e+05	5.747253759070785156e+12
1.419000000000000000e+05	6.419901245939573242e+12
1.420500000000000000e+05	6.877397907826137695e+12
1.422000000000000000e+05	7.064511661952644531e+12
1.423500000000000000e+05	7.116250912541644531e+12
1.425000000000000000e+05	7.281976987309474609e+12
1.426500000000000000e+05	7.737335339380366211e+12
1.428000000000000000e+05	8.428174170029196289e+12
1.429500000000000000e+05	9.108752610704316406e+12
1.431000000000000000e+05	9.573936471845554688e+12
1.432500000000000000e+05	9.852035251298402344e+12
1.434000000000000000e+05	1.011127360220836133e+13
1.435500000000000000e+05	1.036298873918804297e+13
1.437000000000000000e+05	1.033982830864090430e+13
1.438500000000000000e+05	9.734057759706408203e+12
1.440000000000000000e+05	8.537646742504116211e+12
1.441500000000000000e+05	7.116677474958396484e+12
1.443000000000000000e+05	5.937803926848760742e+12
1.444500000000000000e+05	5.247470010894746094e+12
1.446000000000000000e+05	5.002636911955802734e+12
1.447500000000000000e+05	5.043171943842771484e+12
1.449000000000000000e+05	5.237572122582592773e+12
1.450500000000000000e+05	5.497714908696298828e+12
1.452000000000000000e+05	5.744092836235147461e+12
1.453500000000000000e+05	5.903684087156169922e+12
1.455000000000000000e+05	5.910256927141870117e+12
1.456500000000000000e+05	5.724672632896626953e+12
1.458000000000000000e+05	5.367006948258358398e+12
1.459500000000000000e+05	4.967535931091633789e+12
1.461000000000000000e+05	4.748591305914496094e+12
1.462500000000000000e+05	4.880011241225915039e+12
1.464000000000000000e+05	5.333571199914136719e+12
1.465500000000000000e+05	5.909678447987783203e+12
1.467000000000000000e+05	6.420753603474512695e+12
1.468500000000000000e+05	6.839490899289906250e+12
1.470000000000000000e+05	7.268724904851803711e+12
1.471500000000000000e+05	7.766638285464642578e+12
1.473000000000000000e+05	8.238905090412058594e+12
1.474500000000000000e+05	8.522343896717700195e+12
1.476000000000000000e+05	8.531099193347565430e+12
1.477500000000000000e+05	8.242133430873634766e+12
1.479000000000000000e+05	7.593745278009244141e+12
1.480500000000000000e+05	6.564105576411650391e+12
1.482000000000000000e+05	5.356979199040226562e+12
1.483500000000000000e+05	4.360198053596483398e+12
1.485000000000000000e+05	3.838443350599061523e+12
1.486500000000000000e+05	3.751696391969984375e+12
1.488000000000000000e+05	3.866706669810442383e+12
1.489500000000000000e+05	3.964811361873820312e+12
1.491000000000000000e+05	3.949322592603122559e+12
1.492500000000000000e+05	3.845444274631088867e+12
1.494000000000000000e+05	3.760873522577072266e+12
1.495500000000000000e+05	3.812523292746144531e+12
1.497000000000000000e+05	4.062760693450173828e+12
1.498500000000000000e+05	4.473182500741359375e+12
1.500000000000000000e+05	4.918501594763358398e+12
