3.000000000000000000e+03	2.783989375051509589e+07
3.150000000000000000e+03	1.326679390546982586e+08
3.300000000000000000e+03	5.028148236927090287e+08
3.450000000000000000e+03	1.758139015671727180e+09
3.600000000000000000e+03	6.578010711424647331e+09
3.750000000000000000e+03	2.077392230608213043e+10
3.900000000000000000e+03	7.929588214066001892e+10
4.050000000000000000e+03	1.397213588231994385e+12
4.200000000000000000e+03	4.030757076110828906e+13
4.350000000000000000e+03	1.435793041731847900e+12
4.500000000000000000e+03	4.255451550618767700e+11
4.650000000000000000e+03	2.368081773245324097e+11
4.800000000000000000e+03	1.999493657553554077e+11
4.950000000000000000e+03	1.775424998252215881e+11
5.100000000000000000e+03	1.900916325589246826e+11
5.250000000000000000e+03	2.008989741743140564e+11
5.400000000000000000e+03	2.456069616010276184e+11
5.550000000000000000e+03	2.904573670068878784e+11
5.700000000000000000e+03	3.715481047377639771e+11
5.850000000000000000e+03	4.986775112019320679e+11
6.000000000000000000e+03	6.867747921827993164e+11
6.150000000000000000e+03	1.000492354364660278e+12
6.300000000000000000e+03	1.664855896775135742e+12
6.450000000000000000e+03	3.545771530465846191e+12
6.600000000000000000e+03	2.098397516171555469e+13
6.750000000000000000e+03	1.455770899183629375e+14
6.900000000000000000e+03	4.369827986503254375e+14
7.050000000000000000e+03	1.106460150291107375e+15
7.200000000000000000e+03	4.202611192291628906e+13
7.350000000000000000e+03	8.989286696976996094e+12
7.500000000000000000e+03	4.297714263834135742e+12
7.650000000000000000e+03	2.919825663544011719e+12
7.800000000000000000e+03	2.250949146940790527e+12
7.950000000000000000e+03	2.913796526690798340e+12
8.100000000000000000e+03	2.341587085397775781e+13
8.250000000000000000e+03	1.511212511193377500e+14
8.400000000000000000e+03	1.978816812167380938e+14
8.550000000000000000e+03	1.400217869826625000e+13
8.700000000000000000e+03	1.833558956535798340e+12
8.850000000000000000e+03	1.062722710900626831e+12
9.000000000000000000e+03	7.861327520358217773e+11
9.150000000000000000e+03	6.262866564514240723e+11
9.300000000000000000e+03	5.392440538223123779e+11
9.450000000000000000e+03	4.873185655778115234e+11
9.600000000000000000e+03	4.387462735605924683e+11
9.750000000000000000e+03	4.126140352818740845e+11
9.900000000000000000e+03	3.975086771664801025e+11
1.005000000000000000e+04	3.790899835045794067e+11
1.020000000000000000e+04	3.738688191053817139e+11
1.035000000000000000e+04	3.753630445077109985e+11
1.050000000000000000e+04	3.744542990089887695e+11
1.065000000000000000e+04	3.845445383805448608e+11
1.080000000000000000e+04	4.014108476789228516e+11
1.095000000000000000e+04	4.198250616805373535e+11
1.110000000000000000e+04	4.513348868226324463e+11
1.125000000000000000e+04	4.953196989649179688e+11
1.140000000000000000e+04	5.515684366491489258e+11
1.155000000000000000e+04	6.355549355477545166e+11
1.170000000000000000e+04	7.605804071144177246e+11
1.185000000000000000e+04	9.724605138626198730e+11
1.200000000000000000e+04	1.501019674239705078e+12
1.215000000000000000e+04	2.609261579546418945e+12
1.230000000000000000e+04	6.175697713359765625e+12
1.245000000000000000e+04	5.098700416918439844e+13
1.260000000000000000e+04	2.708297992902476250e+14
1.275000000000000000e+04	9.767131000691708750e+14
1.290000000000000000e+04	2.116536315317773438e+13
1.305000000000000000e+04	1.304051915574588086e+13
1.320000000000000000e+04	3.414111744081181641e+13
1.335000000000000000e+04	9.522846828101906250e+13
1.350000000000000000e+04	2.026119775560778750e+14
1.365000000000000000e+04	3.115175192039576875e+14
1.380000000000000000e+04	3.559132847263181875e+14
1.395000000000000000e+04	3.217445689353322500e+14
1.410000000000000000e+04	2.028324696947953438e+14
1.425000000000000000e+04	2.372951320134761328e+13
1.440000000000000000e+04	3.568446542391555176e+12
1.455000000000000000e+04	2.034085646271010254e+12
1.470000000000000000e+04	1.422850488785643066e+12
1.485000000000000000e+04	1.109101403452770508e+12
1.500000000000000000e+04	9.322861232328607178e+11
1.515000000000000000e+04	8.329686194454097900e+11
1.530000000000000000e+04	7.868196940359217529e+11
1.545000000000000000e+04	7.861670331165152588e+11
1.560000000000000000e+04	8.361093541901925049e+11
1.575000000000000000e+04	9.644951070358293457e+11
1.590000000000000000e+04	1.336569092237308838e+12
1.605000000000000000e+04	3.340086881774729492e+12
1.620000000000000000e+04	1.587905122366539258e+13
1.635000000000000000e+04	7.031894938262326562e+13
1.650000000000000000e+04	2.053577895348440000e+14
1.665000000000000000e+04	3.759165869424144375e+14
1.680000000000000000e+04	4.638776117959909375e+14
1.695000000000000000e+04	3.469657134390090625e+14
1.710000000000000000e+04	2.521857679721008594e+13
1.725000000000000000e+04	3.112548163628632812e+12
1.740000000000000000e+04	1.674608975144403809e+12
1.755000000000000000e+04	1.130851204662240479e+12
1.770000000000000000e+04	8.604652942480213623e+11
1.785000000000000000e+04	7.074828853525512695e+11
1.800000000000000000e+04	6.153506419328520508e+11
1.815000000000000000e+04	5.589032721620764160e+11
1.830000000000000000e+04	5.259461273234260864e+11
1.845000000000000000e+04	5.100291425661382446e+11
1.860000000000000000e+04	5.079153122863582764e+11
1.875000000000000000e+04	5.190749710827987061e+11
1.890000000000000000e+04	5.475755599762730713e+11
1.905000000000000000e+04	6.063698989744156494e+11
1.920000000000000000e+04	7.351672871859166260e+11
1.935000000000000000e+04	1.034677680818837646e+12
1.950000000000000000e+04	1.700093056464670654e+12
1.965000000000000000e+04	2.987115832055554688e+12
1.980000000000000000e+04	5.018896048064486328e+12
1.995000000000000000e+04	7.724782579648713867e+12
2.010000000000000000e+04	1.206894774766665820e+13
2.025000000000000000e+04	2.323591761892197266e+13
2.040000000000000000e+04	5.022800728713921094e+13
2.055000000000000000e+04	9.263682361035734375e+13
2.070000000000000000e+04	1.341713724235942812e+14
2.085000000000000000e+04	1.893585657827848750e+14
2.100000000000000000e+04	4.012910922452946250e+14
2.115000000000000000e+04	1.072731388665001625e+15
2.130000000000000000e+04	1.477182254428432750e+15
2.145000000000000000e+04	7.967742863626223438e+13
2.160000000000000000e+04	1.157130174927281641e+13
2.175000000000000000e+04	5.480398389782885742e+12
2.190000000000000000e+04	3.314261511004474609e+12
2.205000000000000000e+04	2.271026336133579590e+12
2.220000000000000000e+04	1.685596584691239258e+12
2.235000000000000000e+04	1.324528923711116455e+12
2.250000000000000000e+04	1.087566675847431274e+12
2.265000000000000000e+04	9.256507800274121094e+11
2.280000000000000000e+04	8.123857777014376221e+11
2.295000000000000000e+04	7.326942958329609375e+11
2.310000000000000000e+04	6.777240093501999512e+11
2.325000000000000000e+04	6.423690995185885010e+11
2.340000000000000000e+04	6.246133278685882568e+11
2.355000000000000000e+04	6.292581643520129395e+11
2.370000000000000000e+04	6.752878430424461670e+11
2.385000000000000000e+04	8.215080318523652344e+11
2.400000000000000000e+04	1.173089134054607422e+12
2.415000000000000000e+04	1.750201267373356689e+12
2.430000000000000000e+04	2.203911354468379883e+12
2.445000000000000000e+04	2.503724726343007812e+12
2.460000000000000000e+04	7.232021669726360352e+12
2.475000000000000000e+04	3.190151068642435938e+13
2.490000000000000000e+04	9.864044268359756250e+13
2.505000000000000000e+04	2.154794561779550625e+14
2.520000000000000000e+04	3.599533972191801250e+14
2.535000000000000000e+04	4.518548422471235000e+14
2.550000000000000000e+04	3.036868614875107500e+14
2.565000000000000000e+04	2.893246920917418750e+13
2.580000000000000000e+04	3.375190825931131836e+12
2.595000000000000000e+04	2.226303006691014648e+12
2.610000000000000000e+04	2.222717532676744629e+12
2.625000000000000000e+04	3.269801261198507324e+12
2.640000000000000000e+04	6.313278512034191406e+12
2.655000000000000000e+04	1.333931190840418945e+13
2.670000000000000000e+04	2.748180745711253516e+13
2.685000000000000000e+04	5.255908108540649219e+13
2.700000000000000000e+04	9.168928311629639062e+13
2.715000000000000000e+04	1.452875640324484375e+14
2.730000000000000000e+04	2.096403153366393438e+14
2.745000000000000000e+04	2.774469956012100000e+14
2.760000000000000000e+04	3.402628067144377500e+14
2.775000000000000000e+04	3.905660471908643750e+14
2.790000000000000000e+04	4.203948225916246250e+14
2.805000000000000000e+04	4.134094485827691875e+14
2.820000000000000000e+04	3.376684157737901250e+14
2.835000000000000000e+04	1.941189363077747812e+14
2.850000000000000000e+04	5.305456813047552344e+13
2.865000000000000000e+04	5.701841017288360156e+13
2.880000000000000000e+04	1.045799242246591719e+14
2.895000000000000000e+04	1.578592499010594062e+14
2.910000000000000000e+04	1.867521553972858750e+14
2.925000000000000000e+04	1.654553301592664688e+14
2.940000000000000000e+04	1.010260437507756094e+14
2.955000000000000000e+04	8.777719262332301562e+13
2.970000000000000000e+04	2.501287511176780625e+14
2.985000000000000000e+04	3.217662257716041875e+14
3.000000000000000000e+04	1.910304556434373047e+13
3.015000000000000000e+04	2.542881846725493652e+12
3.030000000000000000e+04	1.455145964675556885e+12
3.045000000000000000e+04	1.041788650382124390e+12
3.060000000000000000e+04	8.303368051136715088e+11
3.075000000000000000e+04	7.061570377603088379e+11
3.090000000000000000e+04	6.280653491509331055e+11
3.105000000000000000e+04	5.781575600620723877e+11
3.120000000000000000e+04	5.479307777935280762e+11
3.135000000000000000e+04	5.345465995628483276e+11
3.150000000000000000e+04	5.420987236784893799e+11
3.165000000000000000e+04	5.931913615225072021e+11
3.180000000000000000e+04	7.658874542194356689e+11
3.195000000000000000e+04	1.283503127432983398e+12
3.210000000000000000e+04	2.672454820499685547e+12
3.225000000000000000e+04	5.903221649884263672e+12
3.240000000000000000e+04	1.219854134942924219e+13
3.255000000000000000e+04	2.204799402452234375e+13
3.270000000000000000e+04	3.353121883342346094e+13
3.285000000000000000e+04	4.175083388828089844e+13
3.300000000000000000e+04	4.235787727918485156e+13
3.315000000000000000e+04	3.919645721238987500e+13
3.330000000000000000e+04	4.964565185686547656e+13
3.345000000000000000e+04	1.000584715710481094e+14
3.360000000000000000e+04	2.110567555449441250e+14
3.375000000000000000e+04	3.679862087304641875e+14
3.390000000000000000e+04	4.581653013282954375e+14
3.405000000000000000e+04	3.395287863073189375e+14
3.420000000000000000e+04	1.323846853252156094e+14
3.435000000000000000e+04	9.219908760081425000e+13
3.450000000000000000e+04	6.919951230111094531e+13
3.465000000000000000e+04	4.494959842270258594e+13
3.480000000000000000e+04	2.910543482061921875e+13
3.495000000000000000e+04	4.273270039108109375e+13
3.510000000000000000e+04	1.249888638833051562e+14
3.525000000000000000e+04	2.581549274632787500e+14
3.540000000000000000e+04	3.773532026028759375e+14
3.555000000000000000e+04	3.880014290217935625e+14
3.570000000000000000e+04	6.568441481793682031e+13
3.585000000000000000e+04	5.722834008682723633e+12
3.600000000000000000e+04	3.083227208575562500e+12
3.615000000000000000e+04	2.602934263508144531e+12
3.630000000000000000e+04	2.606608755254731445e+12
3.645000000000000000e+04	2.565180556130849609e+12
3.660000000000000000e+04	2.325831297124114258e+12
3.675000000000000000e+04	2.946658085530772949e+12
3.690000000000000000e+04	7.983237937829081055e+12
3.705000000000000000e+04	2.367141684021125391e+13
3.720000000000000000e+04	5.595674872932657031e+13
3.735000000000000000e+04	1.043784522347411094e+14
3.750000000000000000e+04	1.568002257662230938e+14
3.765000000000000000e+04	1.903359163120972188e+14
3.780000000000000000e+04	1.815291960464825000e+14
3.795000000000000000e+04	1.365836638446755156e+14
3.810000000000000000e+04	1.264492730101580312e+14
3.825000000000000000e+04	1.816540968411125000e+14
3.840000000000000000e+04	1.826154845711130625e+14
3.855000000000000000e+04	1.909561994497178125e+13
3.870000000000000000e+04	2.305128337440323242e+12
3.885000000000000000e+04	1.698259583968898926e+12
3.900000000000000000e+04	1.810180832196109863e+12
3.915000000000000000e+04	2.259003247925577148e+12
3.930000000000000000e+04	2.999688982900733398e+12
3.945000000000000000e+04	4.001724656081270020e+12
3.960000000000000000e+04	5.183882969629222656e+12
3.975000000000000000e+04	6.380365995059139648e+12
3.990000000000000000e+04	7.343361219615280273e+12
4.005000000000000000e+04	7.817185989450377930e+12
4.020000000000000000e+04	7.729234609430425781e+12
4.035000000000000000e+04	7.527933814462004883e+12
4.050000000000000000e+04	8.612830768931414062e+12
4.065000000000000000e+04	1.361936213106334766e+13
4.080000000000000000e+04	2.609539589052271484e+13
4.095000000000000000e+04	4.911080698506397656e+13
4.110000000000000000e+04	8.296597846362510938e+13
4.125000000000000000e+04	1.233999332311942812e+14
4.140000000000000000e+04	1.625281201480340625e+14
4.155000000000000000e+04	1.936402299354782500e+14
4.170000000000000000e+04	2.178740052166208750e+14
4.185000000000000000e+04	2.481689975254490625e+14
4.200000000000000000e+04	3.054903078170634375e+14
4.215000000000000000e+04	4.004446455204728750e+14
4.230000000000000000e+04	4.944907024149201875e+14
4.245000000000000000e+04	4.922275146478168125e+14
4.260000000000000000e+04	3.007896298718260000e+14
4.275000000000000000e+04	5.660681190609318750e+13
4.290000000000000000e+04	5.598598231029271484e+12
4.305000000000000000e+04	2.526092225924435547e+12
4.320000000000000000e+04	1.690962947563781738e+12
4.335000000000000000e+04	1.264907913639663086e+12
4.350000000000000000e+04	1.018755091500261597e+12
4.365000000000000000e+04	8.826259002651546631e+11
4.380000000000000000e+04	8.537563053498592529e+11
4.395000000000000000e+04	9.919027648324895020e+11
4.410000000000000000e+04	1.441651147456562256e+12
4.425000000000000000e+04	2.451015467237281250e+12
4.440000000000000000e+04	4.338963066300021973e+12
4.455000000000000000e+04	7.347063540173009766e+12
4.470000000000000000e+04	1.134237090419202148e+13
4.485000000000000000e+04	1.547816243693956055e+13
4.500000000000000000e+04	1.814212101715697656e+13
4.515000000000000000e+04	1.764230406911162500e+13
4.530000000000000000e+04	1.377717919307194336e+13
4.545000000000000000e+04	9.590165712676363281e+12
4.560000000000000000e+04	1.174886636436317188e+13
4.575000000000000000e+04	2.810316758878912109e+13
4.590000000000000000e+04	6.251415822549953906e+13
4.605000000000000000e+04	1.090722790033532344e+14
4.620000000000000000e+04	1.494600703574061875e+14
4.635000000000000000e+04	1.618554763428817500e+14
4.650000000000000000e+04	1.488468551056195625e+14
4.665000000000000000e+04	1.305222930211587344e+14
4.680000000000000000e+04	1.409276524627003125e+14
4.695000000000000000e+04	1.231832777612686406e+14
4.710000000000000000e+04	4.028935592884813281e+13
4.725000000000000000e+04	3.652046129026289844e+13
4.740000000000000000e+04	5.013147402808278906e+13
4.755000000000000000e+04	6.664927429023102344e+13
4.770000000000000000e+04	8.449778845017228125e+13
4.785000000000000000e+04	1.019978263314026250e+14
4.800000000000000000e+04	1.171492709400398594e+14
4.815000000000000000e+04	1.278421443877199219e+14
4.830000000000000000e+04	1.321251045255978750e+14
4.845000000000000000e+04	1.285100470959829688e+14
4.860000000000000000e+04	1.164164641551165469e+14
4.875000000000000000e+04	9.710062972253967188e+13
4.890000000000000000e+04	7.590909177475135938e+13
4.905000000000000000e+04	6.558280556451725781e+13
4.920000000000000000e+04	7.996095959636262500e+13
4.935000000000000000e+04	1.151604637231398281e+14
4.950000000000000000e+04	1.661580672997053125e+14
4.965000000000000000e+04	2.406400846994301562e+14
4.980000000000000000e+04	2.555234647035076250e+14
4.995000000000000000e+04	1.451660864171274375e+14
5.010000000000000000e+04	9.910400905727551562e+13
5.025000000000000000e+04	7.734630327295323438e+13
5.040000000000000000e+04	5.296029561493838281e+13
5.055000000000000000e+04	4.897489820784217969e+13
5.070000000000000000e+04	8.581469779604135938e+13
5.085000000000000000e+04	1.469220253865940312e+14
5.100000000000000000e+04	1.815019393328937188e+14
5.115000000000000000e+04	1.188599386307639531e+14
5.130000000000000000e+04	2.394545887281006641e+13
5.145000000000000000e+04	2.325108654927568359e+12
5.160000000000000000e+04	1.046686434531061279e+12
5.175000000000000000e+04	8.502055684294061279e+11
5.190000000000000000e+04	8.214447123202763672e+11
5.205000000000000000e+04	9.133360191797958984e+11
5.220000000000000000e+04	1.166239661539011719e+12
5.235000000000000000e+04	1.712968157203863037e+12
5.250000000000000000e+04	2.833756740122958008e+12
5.265000000000000000e+04	5.018402327652954102e+12
5.280000000000000000e+04	8.977336794771585938e+12
5.295000000000000000e+04	1.551161877262942188e+13
5.310000000000000000e+04	2.516416496750535547e+13
5.325000000000000000e+04	3.767957311645017188e+13
5.340000000000000000e+04	5.150344668110187500e+13
5.355000000000000000e+04	6.374973709208951562e+13
5.370000000000000000e+04	7.105144686633998438e+13
5.385000000000000000e+04	7.131683624552465625e+13
5.400000000000000000e+04	6.571266055664635156e+13
5.415000000000000000e+04	5.959821392162218750e+13
5.430000000000000000e+04	6.112960574825776562e+13
5.445000000000000000e+04	7.700571563138878125e+13
5.460000000000000000e+04	1.063397916689533125e+14
5.475000000000000000e+04	1.371798926364188438e+14
5.490000000000000000e+04	1.543384677976074062e+14
5.505000000000000000e+04	1.488167097177172812e+14
5.520000000000000000e+04	1.215170915331571875e+14
5.535000000000000000e+04	1.084136701394555938e+14
5.550000000000000000e+04	8.471251164457556250e+13
5.565000000000000000e+04	4.482033334729360938e+13
5.580000000000000000e+04	5.523176002833619531e+13
5.595000000000000000e+04	8.640342889452432812e+13
5.610000000000000000e+04	1.229672433127419844e+14
5.625000000000000000e+04	1.556107545251922812e+14
5.640000000000000000e+04	1.750286101510750000e+14
5.655000000000000000e+04	1.752971670181540312e+14
5.670000000000000000e+04	1.496599914572704062e+14
5.685000000000000000e+04	9.238104559020437500e+13
5.700000000000000000e+04	3.341962935445435938e+13
5.715000000000000000e+04	1.365388983324951172e+13
5.730000000000000000e+04	1.154013726538458398e+13
5.745000000000000000e+04	9.950763496772988281e+12
5.760000000000000000e+04	7.706398000308586914e+12
5.775000000000000000e+04	6.587344131330500977e+12
5.790000000000000000e+04	9.441000954914914062e+12
5.805000000000000000e+04	1.893623403427977734e+13
5.820000000000000000e+04	3.573624955174746094e+13
5.835000000000000000e+04	5.688658260731260156e+13
5.850000000000000000e+04	7.566375537900095312e+13
5.865000000000000000e+04	8.404225496272292188e+13
5.880000000000000000e+04	7.815549394270564062e+13
5.895000000000000000e+04	6.466809216191984375e+13
5.910000000000000000e+04	5.995528839013171094e+13
5.925000000000000000e+04	7.531598221343568750e+13
5.940000000000000000e+04	1.071359211142590781e+14
5.955000000000000000e+04	1.283330952069961719e+14
5.970000000000000000e+04	8.684862600384917188e+13
5.985000000000000000e+04	2.542027279364560547e+13
6.000000000000000000e+04	8.192553705020842773e+12
6.015000000000000000e+04	7.018237717110198242e+12
6.030000000000000000e+04	6.838141640677098633e+12
6.045000000000000000e+04	6.458360723660454102e+12
6.060000000000000000e+04	5.840017163789244141e+12
6.075000000000000000e+04	5.095141095339235352e+12
6.090000000000000000e+04	4.514941746933552734e+12
6.105000000000000000e+04	4.653374491709230469e+12
6.120000000000000000e+04	6.404197670993640625e+12
6.135000000000000000e+04	1.099356889742296289e+13
6.150000000000000000e+04	1.978573833427975000e+13
6.165000000000000000e+04	3.383006116867074219e+13
6.180000000000000000e+04	5.319689401524423438e+13
6.195000000000000000e+04	7.633889599238560938e+13
6.210000000000000000e+04	9.987798926536846875e+13
6.225000000000000000e+04	1.192103555989342188e+14
6.240000000000000000e+04	1.300421591780921094e+14
6.255000000000000000e+04	1.304686134310033438e+14
6.270000000000000000e+04	1.227118606772280625e+14
6.285000000000000000e+04	1.134238190207314844e+14
6.300000000000000000e+04	1.115703232862180000e+14
6.315000000000000000e+04	1.232139858974185312e+14
6.330000000000000000e+04	1.453373848770212812e+14
6.345000000000000000e+04	1.653036704549612188e+14
6.360000000000000000e+04	1.683576429659955312e+14
6.375000000000000000e+04	1.590580159797193750e+14
6.390000000000000000e+04	1.612383133303290938e+14
6.405000000000000000e+04	1.258957685467394375e+14
6.420000000000000000e+04	4.313969224441828125e+13
6.435000000000000000e+04	6.472777900755507812e+12
6.450000000000000000e+04	1.679843313903272461e+12
6.465000000000000000e+04	1.355010401197158203e+12
6.480000000000000000e+04	1.725059661320053711e+12
6.495000000000000000e+04	2.767805965812433594e+12
6.510000000000000000e+04	4.711827317241223633e+12
6.525000000000000000e+04	7.728153803908942383e+12
6.540000000000000000e+04	1.174721158179997070e+13
6.555000000000000000e+04	1.629318756868528125e+13
6.570000000000000000e+04	2.043294572676375781e+13
6.585000000000000000e+04	2.295652435899528516e+13
6.600000000000000000e+04	2.284395013529426953e+13
6.615000000000000000e+04	1.992175329448041406e+13
6.630000000000000000e+04	1.542212950201889453e+13
6.645000000000000000e+04	1.204093244297087109e+13
6.660000000000000000e+04	1.317096808335382812e+13
6.675000000000000000e+04	2.132557571378314844e+13
6.690000000000000000e+04	3.630704114200710156e+13
6.705000000000000000e+04	5.424395481596738281e+13
6.720000000000000000e+04	6.890869451887521875e+13
6.735000000000000000e+04	7.590454523783656250e+13
6.750000000000000000e+04	7.685831954469276562e+13
6.765000000000000000e+04	7.783199323582284375e+13
6.780000000000000000e+04	8.533634708438284375e+13
6.795000000000000000e+04	1.046976050027609688e+14
6.810000000000000000e+04	1.201603383807877188e+14
6.825000000000000000e+04	9.712797215333495312e+13
6.840000000000000000e+04	6.152201365146320312e+13
6.855000000000000000e+04	5.077821712976526562e+13
6.870000000000000000e+04	5.048576090859643750e+13
6.885000000000000000e+04	4.962697013606880469e+13
6.900000000000000000e+04	4.687792340828998438e+13
6.915000000000000000e+04	4.235227267683497656e+13
6.930000000000000000e+04	3.655601277368581250e+13
6.945000000000000000e+04	3.041000404001525391e+13
6.960000000000000000e+04	2.535541440869101172e+13
6.975000000000000000e+04	2.338431806550201562e+13
6.990000000000000000e+04	2.677845185234869141e+13
7.005000000000000000e+04	3.730507509739287500e+13
7.020000000000000000e+04	5.506179725490326562e+13
7.035000000000000000e+04	7.805009187409378125e+13
7.050000000000000000e+04	1.030034630092730469e+14
7.065000000000000000e+04	1.255286568541769375e+14
7.080000000000000000e+04	1.383069161192670000e+14
7.095000000000000000e+04	1.305136201561349531e+14
7.110000000000000000e+04	9.659527892458385938e+13
7.125000000000000000e+04	5.567963615850249219e+13
7.140000000000000000e+04	3.343487385442291016e+13
7.155000000000000000e+04	2.920347257044938281e+13
7.170000000000000000e+04	3.724572974822263281e+13
7.185000000000000000e+04	5.485863680219483594e+13
7.200000000000000000e+04	7.400702918051589062e+13
7.215000000000000000e+04	8.066724074795076562e+13
7.230000000000000000e+04	7.008150478856068750e+13
7.245000000000000000e+04	5.377821823564500781e+13
7.260000000000000000e+04	3.219267103071003906e+13
7.275000000000000000e+04	1.167110712067633789e+13
7.290000000000000000e+04	5.045548906133896484e+12
7.305000000000000000e+04	5.021535758873660156e+12
7.320000000000000000e+04	6.044769661978228516e+12
7.335000000000000000e+04	7.495115793929580078e+12
7.350000000000000000e+04	9.597257722517412109e+12
7.365000000000000000e+04	1.269873846787302344e+13
7.380000000000000000e+04	1.711908922263926172e+13
7.395000000000000000e+04	2.295606590752683984e+13
7.410000000000000000e+04	2.986832835152540625e+13
7.425000000000000000e+04	3.693717375102810156e+13
7.440000000000000000e+04	4.273585450528600781e+13
7.455000000000000000e+04	4.569527074574738281e+13
7.470000000000000000e+04	4.473535851569993750e+13
7.485000000000000000e+04	3.995877290413921094e+13
7.500000000000000000e+04	3.305396124374941016e+13
7.515000000000000000e+04	2.703339566592156641e+13
7.530000000000000000e+04	2.513687268290747656e+13
7.545000000000000000e+04	2.919913716492125781e+13
7.560000000000000000e+04	3.841487720735539062e+13
7.575000000000000000e+04	4.972499681564316406e+13
7.590000000000000000e+04	5.986822144939869531e+13
7.605000000000000000e+04	6.681760111530721875e+13
7.620000000000000000e+04	7.023158919841850781e+13
7.635000000000000000e+04	7.464284249423040625e+13
7.650000000000000000e+04	8.724067560165418750e+13
7.665000000000000000e+04	9.823485826722162500e+13
7.680000000000000000e+04	8.664502256018440625e+13
7.695000000000000000e+04	6.723372417958067969e+13
7.710000000000000000e+04	6.135910269582444531e+13
7.725000000000000000e+04	6.244510397973840625e+13
7.740000000000000000e+04	6.281919248384568750e+13
7.755000000000000000e+04	6.030724176032019531e+13
7.770000000000000000e+04	5.530523425550000781e+13
7.785000000000000000e+04	5.115060329610399219e+13
7.800000000000000000e+04	5.284242201536628125e+13
7.815000000000000000e+04	5.876058226693707031e+13
7.830000000000000000e+04	5.228499424455921094e+13
7.845000000000000000e+04	3.001463044631443750e+13
7.860000000000000000e+04	1.373012044395772656e+13
7.875000000000000000e+04	9.020711008493748047e+12
7.890000000000000000e+04	9.746340500503072266e+12
7.905000000000000000e+04	1.392410227468620312e+13
7.920000000000000000e+04	2.096313160114794141e+13
7.935000000000000000e+04	2.922164454874602344e+13
7.950000000000000000e+04	3.615392963727310938e+13
7.965000000000000000e+04	3.946008995402622656e+13
7.980000000000000000e+04	3.851486401598025000e+13
7.995000000000000000e+04	3.511288008948753516e+13
8.010000000000000000e+04	3.287506280103145312e+13
8.025000000000000000e+04	3.566458142559168750e+13
8.040000000000000000e+04	4.511395084231261719e+13
8.055000000000000000e+04	5.720042596261091406e+13
8.070000000000000000e+04	6.252754962500343750e+13
8.085000000000000000e+04	5.600930875565585156e+13
8.100000000000000000e+04	4.246406449065815625e+13
8.115000000000000000e+04	2.565892312362489062e+13
8.130000000000000000e+04	1.193241887514737891e+13
8.145000000000000000e+04	7.239262523351265625e+12
8.160000000000000000e+04	7.477825084736787109e+12
8.175000000000000000e+04	8.875947560826214844e+12
8.190000000000000000e+04	1.076658299706914453e+13
8.205000000000000000e+04	1.325448484201142578e+13
8.220000000000000000e+04	1.663395379529894531e+13
8.235000000000000000e+04	2.125395571318015234e+13
8.250000000000000000e+04	2.735699808693752344e+13
8.265000000000000000e+04	3.485691606427159766e+13
8.280000000000000000e+04	4.313441668687477344e+13
8.295000000000000000e+04	5.097286867880803906e+13
8.310000000000000000e+04	5.675232009323607031e+13
8.325000000000000000e+04	5.894476612885400000e+13
8.340000000000000000e+04	5.680930306545509375e+13
8.355000000000000000e+04	5.101642178448440625e+13
8.370000000000000000e+04	4.382265985963363281e+13
8.385000000000000000e+04	3.848959261734320312e+13
8.400000000000000000e+04	3.800144303288904688e+13
8.415000000000000000e+04	4.371577850674867969e+13
8.430000000000000000e+04	5.479600600988107031e+13
8.445000000000000000e+04	6.842869040596414062e+13
8.460000000000000000e+04	8.040891771895882812e+13
8.475000000000000000e+04	8.758582595115200000e+13
8.490000000000000000e+04	9.174778634404226562e+13
8.505000000000000000e+04	9.548617388626831250e+13
8.520000000000000000e+04	8.838196688788934375e+13
8.535000000000000000e+04	5.829185164235941406e+13
8.550000000000000000e+04	2.353176994327792188e+13
8.565000000000000000e+04	6.506868269148833008e+12
8.580000000000000000e+04	2.909611767871806152e+12
8.595000000000000000e+04	3.286683139430679688e+12
8.610000000000000000e+04	4.778131464905102539e+12
8.625000000000000000e+04	7.007391542002812500e+12
8.640000000000000000e+04	9.741652963766480469e+12
8.655000000000000000e+04	1.255080678472216211e+13
8.670000000000000000e+04	1.485318451598943555e+13
8.685000000000000000e+04	1.608864203939242188e+13
8.700000000000000000e+04	1.596524970158437500e+13
8.715000000000000000e+04	1.468942477740746875e+13
8.730000000000000000e+04	1.305540466083892578e+13
8.745000000000000000e+04	1.228658234823387891e+13
8.760000000000000000e+04	1.360814837499010742e+13
8.775000000000000000e+04	1.767574185701954688e+13
8.790000000000000000e+04	2.413069818468384375e+13
8.805000000000000000e+04	3.159165310034796484e+13
8.820000000000000000e+04	3.821283545934702344e+13
8.835000000000000000e+04	4.256483608264865625e+13
8.850000000000000000e+04	4.435870520425163281e+13
8.865000000000000000e+04	4.477298885584769531e+13
8.880000000000000000e+04	4.625221164950655469e+13
8.895000000000000000e+04	5.098337670171039844e+13
8.910000000000000000e+04	5.782061213475809375e+13
8.925000000000000000e+04	6.114361510167901562e+13
8.940000000000000000e+04	5.631614742087523438e+13
8.955000000000000000e+04	4.482995014345683594e+13
8.970000000000000000e+04	3.083034642832335156e+13
8.985000000000000000e+04	1.983225718751246094e+13
9.000000000000000000e+04	1.503063053525076172e+13
9.015000000000000000e+04	1.413624640810704688e+13
9.030000000000000000e+04	1.474896275149396094e+13
9.045000000000000000e+04	1.619497704263259375e+13
9.060000000000000000e+04	1.838588477560245312e+13
9.075000000000000000e+04	2.132647454909099219e+13
9.090000000000000000e+04	2.510142396010005859e+13
9.105000000000000000e+04	2.988501527645121484e+13
9.120000000000000000e+04	3.580325313039517188e+13
9.135000000000000000e+04	4.257458352606176562e+13
9.150000000000000000e+04	4.914887672643371875e+13
9.165000000000000000e+04	5.382412802877089062e+13
9.180000000000000000e+04	5.502422630058514844e+13
9.195000000000000000e+04	5.236859132413588281e+13
9.210000000000000000e+04	4.752506938923571094e+13
9.225000000000000000e+04	4.363646174153629688e+13
9.240000000000000000e+04	4.127303813906542969e+13
9.255000000000000000e+04	3.633209345823382031e+13
9.270000000000000000e+04	2.919004258955753516e+13
9.285000000000000000e+04	2.725046570371868359e+13
9.300000000000000000e+04	3.197763422426313281e+13
9.315000000000000000e+04	3.738863312359179688e+13
9.330000000000000000e+04	3.874925445158707812e+13
9.345000000000000000e+04	3.714639106535496875e+13
9.360000000000000000e+04	3.627871907905063281e+13
9.375000000000000000e+04	3.377453978330859766e+13
9.390000000000000000e+04	2.497750780791040625e+13
9.405000000000000000e+04	1.498921878998127734e+13
9.420000000000000000e+04	1.021542421517540234e+13
9.435000000000000000e+04	9.382023641234343750e+12
9.450000000000000000e+04	9.761900611000425781e+12
9.465000000000000000e+04	1.059953120375871680e+13
9.480000000000000000e+04	1.191773535244896484e+13
9.495000000000000000e+04	1.373010451269512305e+13
9.510000000000000000e+04	1.585474791804891602e+13
9.525000000000000000e+04	1.789452156018689844e+13
9.540000000000000000e+04	1.932178995674092578e+13
9.555000000000000000e+04	1.966088998924000781e+13
9.570000000000000000e+04	1.871959129320667188e+13
9.585000000000000000e+04	1.677511182820154297e+13
9.600000000000000000e+04	1.460493791199529492e+13
9.615000000000000000e+04	1.329417043197514062e+13
9.630000000000000000e+04	1.385275451814833203e+13
9.645000000000000000e+04	1.679664002450250977e+13
9.660000000000000000e+04	2.189812238580532812e+13
9.675000000000000000e+04	2.821900411845272266e+13
9.690000000000000000e+04	3.438541099187533984e+13
9.705000000000000000e+04	3.907218056729761719e+13
9.720000000000000000e+04	4.176340759248634375e+13
9.735000000000000000e+04	4.344665931020345312e+13
9.750000000000000000e+04	4.605304998599303906e+13
9.765000000000000000e+04	4.997037986829528125e+13
9.780000000000000000e+04	5.222315509373353906e+13
9.795000000000000000e+04	4.934773382222188281e+13
9.810000000000000000e+04	4.155460348300932812e+13
9.825000000000000000e+04	3.221772797138764453e+13
9.840000000000000000e+04	2.548525518238554297e+13
9.855000000000000000e+04	2.321567377219048047e+13
9.870000000000000000e+04	2.420564497908016797e+13
9.885000000000000000e+04	2.709464621799035156e+13
9.900000000000000000e+04	3.130017953912536328e+13
9.915000000000000000e+04	3.577770884050123438e+13
9.930000000000000000e+04	3.808252215856052344e+13
9.945000000000000000e+04	3.499674028286646484e+13
9.960000000000000000e+04	2.603295824605051172e+13
9.975000000000000000e+04	1.611362808439202148e+13
9.990000000000000000e+04	1.067171917357007422e+13
1.000500000000000000e+05	1.010200091464184961e+13
1.002000000000000000e+05	1.209408311014029297e+13
1.003500000000000000e+05	1.487964556387691211e+13
1.005000000000000000e+05	1.738345638244276953e+13
1.006500000000000000e+05	1.883825266345941406e+13
1.008000000000000000e+05	1.889550322256239062e+13
1.009500000000000000e+05	1.782971234816635547e+13
1.011000000000000000e+05	1.661597040709826758e+13
1.012500000000000000e+05	1.671368003785331836e+13
1.014000000000000000e+05	1.926236572792300781e+13
1.015500000000000000e+05	2.384318287635178516e+13
1.017000000000000000e+05	2.813338856863462109e+13
1.018500000000000000e+05	2.982187342130799609e+13
1.020000000000000000e+05	2.926358674657610938e+13
1.021500000000000000e+05	2.831016213026940234e+13
1.023000000000000000e+05	2.600906212828260547e+13
1.024500000000000000e+05	2.071037655306779297e+13
1.026000000000000000e+05	1.534808068116804492e+13
1.027500000000000000e+05	1.313870657630516016e+13
1.029000000000000000e+05	1.331804544516758203e+13
1.030500000000000000e+05	1.416254499111093750e+13
1.032000000000000000e+05	1.504106032672562109e+13
1.033500000000000000e+05	1.597017221859463281e+13
1.035000000000000000e+05	1.707402071163382422e+13
1.036500000000000000e+05	1.839484379005360547e+13
1.038000000000000000e+05	1.981944118516311719e+13
1.039500000000000000e+05	2.107531324707231250e+13
1.041000000000000000e+05	2.180927855346711328e+13
1.042500000000000000e+05	2.173727585709706641e+13
1.044000000000000000e+05	2.081384865366756641e+13
1.045500000000000000e+05	1.934349651690589453e+13
1.047000000000000000e+05	1.796806997547185156e+13
1.048500000000000000e+05	1.751834128483608789e+13
1.050000000000000000e+05	1.877704653687093750e+13
1.051500000000000000e+05	2.220688307820789844e+13
1.053000000000000000e+05	2.765972046020355469e+13
1.054500000000000000e+05	3.414428403917875781e+13
1.056000000000000000e+05	3.995616206337082812e+13
1.057500000000000000e+05	4.349920095380222656e+13
1.059000000000000000e+05	4.444747897098482031e+13
1.060500000000000000e+05	4.395417359016101562e+13
1.062000000000000000e+05	4.308982889507028125e+13
1.063500000000000000e+05	4.128479514965188281e+13
1.065000000000000000e+05	3.723871790735792188e+13
1.066500000000000000e+05	3.038544875411388281e+13
1.068000000000000000e+05	2.115277896078423047e+13
1.069500000000000000e+05	1.212877591953969141e+13
1.071000000000000000e+05	6.710924283619377930e+12
1.072500000000000000e+05	5.364336568516547852e+12
1.074000000000000000e+05	6.207144870469656250e+12
1.075500000000000000e+05	7.674033441486107422e+12
1.077000000000000000e+05	9.090341181499761719e+12
1.078500000000000000e+05	1.012951568542572266e+13
1.080000000000000000e+05	1.065772453558926172e+13
1.081500000000000000e+05	1.073413926139396289e+13
1.083000000000000000e+05	1.061647411229916797e+13
1.084500000000000000e+05	1.069378901678537500e+13
1.086000000000000000e+05	1.135081115085587500e+13
1.087500000000000000e+05	1.280823850740660352e+13
1.089000000000000000e+05	1.500288251772065820e+13
1.090500000000000000e+05	1.756082359115966016e+13
1.092000000000000000e+05	1.988511048626542188e+13
1.093500000000000000e+05	2.135725053442468750e+13
1.095000000000000000e+05	2.164244910155327734e+13
1.096500000000000000e+05	2.101206360506755859e+13
1.098000000000000000e+05	2.040322422822753906e+13
1.099500000000000000e+05	2.087929602608668359e+13
1.101000000000000000e+05	2.264480249372714453e+13
1.102500000000000000e+05	2.457215252939951953e+13
1.104000000000000000e+05	2.518459430242228906e+13
1.105500000000000000e+05	2.428359287228519141e+13
1.107000000000000000e+05	2.262256894784718359e+13
1.108500000000000000e+05	2.001774290120409766e+13
1.110000000000000000e+05	1.630660070475790625e+13
1.111500000000000000e+05	1.326153876205861328e+13
1.113000000000000000e+05	1.240163700017108008e+13
1.114500000000000000e+05	1.313990163966962695e+13
1.116000000000000000e+05	1.429411870446903711e+13
1.117500000000000000e+05	1.530708005783932031e+13
1.119000000000000000e+05	1.614007536157338867e+13
1.120500000000000000e+05	1.693440418455062891e+13
1.122000000000000000e+05	1.782726384717092969e+13
1.123500000000000000e+05	1.884110025642226562e+13
1.125000000000000000e+05	1.985141263660844922e+13
1.126500000000000000e+05	2.066360497804065625e+13
1.128000000000000000e+05	2.116370608275214844e+13
1.129500000000000000e+05	2.144519628557758203e+13
1.131000000000000000e+05	2.181279929969388672e+13
1.132500000000000000e+05	2.260064229957716797e+13
1.134000000000000000e+05	2.379319242633873047e+13
1.135500000000000000e+05	2.465635828052638281e+13
1.137000000000000000e+05	2.408893515342524609e+13
1.138500000000000000e+05	2.206784656761991797e+13
1.140000000000000000e+05	2.025079220860800391e+13
1.141500000000000000e+05	1.992669592520041016e+13
1.143000000000000000e+05	2.042839916639745703e+13
1.144500000000000000e+05	2.069548773341166406e+13
1.146000000000000000e+05	2.093989914106339844e+13
1.147500000000000000e+05	2.170720858829562500e+13
1.149000000000000000e+05	2.221118482545669141e+13
1.150500000000000000e+05	2.077953649271122656e+13
1.152000000000000000e+05	1.690737742855151172e+13
1.153500000000000000e+05	1.200260307075237109e+13
1.155000000000000000e+05	8.075055384372849609e+12
1.156500000000000000e+05	6.045184333207694336e+12
1.158000000000000000e+05	5.506072180591778320e+12
1.159500000000000000e+05	5.769758814885384766e+12
1.161000000000000000e+05	6.442639128978584961e+12
1.162500000000000000e+05	7.312231813695343750e+12
1.164000000000000000e+05	8.186148712518368164e+12
1.165500000000000000e+05	8.883865783523531250e+12
1.167000000000000000e+05	9.296826577157080078e+12
1.168500000000000000e+05	9.445356679903457031e+12
1.170000000000000000e+05	9.496448542930492188e+12
1.171500000000000000e+05	9.726710996924244141e+12
1.173000000000000000e+05	1.043400585390117773e+13
1.174500000000000000e+05	1.181783604526591016e+13
1.176000000000000000e+05	1.386031534704394922e+13
1.177500000000000000e+05	1.625561377247538672e+13
1.179000000000000000e+05	1.845961586146193750e+13
1.180500000000000000e+05	1.992173382221892969e+13
1.182000000000000000e+05	2.044246105241401953e+13
1.183500000000000000e+05	2.039952388447292578e+13
1.185000000000000000e+05	2.053001517860183594e+13
1.186500000000000000e+05	2.127685812566276953e+13
1.188000000000000000e+05	2.226998051627153125e+13
1.189500000000000000e+05	2.266485489681961328e+13
1.191000000000000000e+05	2.207874588830821094e+13
1.192500000000000000e+05	2.073417681929290625e+13
1.194000000000000000e+05	1.881073484810597266e+13
1.195500000000000000e+05	1.674931284328030273e+13
1.197000000000000000e+05	1.565928810379911523e+13
1.198500000000000000e+05	1.614486287278913086e+13
1.200000000000000000e+05	1.753438771202416016e+13
1.201500000000000000e+05	1.869352260987645312e+13
1.203000000000000000e+05	1.885773174079694531e+13
1.204500000000000000e+05	1.786592224490505078e+13
1.206000000000000000e+05	1.614267552780817578e+13
1.207500000000000000e+05	1.439557182453512695e+13
1.209000000000000000e+05	1.290769414181950781e+13
1.210500000000000000e+05	1.137597784303026172e+13
1.212000000000000000e+05	9.788533236055865234e+12
1.213500000000000000e+05	8.765643332129516602e+12
1.215000000000000000e+05	8.636110489825624023e+12
1.216500000000000000e+05	8.961574253782521484e+12
1.218000000000000000e+05	9.132471635446251953e+12
1.219500000000000000e+05	8.931584201211304688e+12
1.221000000000000000e+05	8.596922164384867188e+12
1.222500000000000000e+05	8.660736028844659180e+12
1.224000000000000000e+05	9.611742642150890625e+12
1.225500000000000000e+05	1.149340261285837305e+13
1.227000000000000000e+05	1.374341190064239844e+13
1.228500000000000000e+05	1.555954645545594531e+13
1.230000000000000000e+05	1.660864829501424805e+13
1.231500000000000000e+05	1.732082305830386523e+13
1.233000000000000000e+05	1.820199659532110938e+13
1.234500000000000000e+05	1.888154154997749219e+13
1.236000000000000000e+05	1.832151603186507812e+13
1.237500000000000000e+05	1.608821817716325000e+13
1.239000000000000000e+05	1.298710920104521680e+13
1.240500000000000000e+05	1.028192322162089648e+13
1.242000000000000000e+05	8.593399676425457031e+12
1.243500000000000000e+05	7.756246718731961914e+12
1.245000000000000000e+05	7.404721155594818359e+12
1.246500000000000000e+05	7.362887231864500000e+12
1.248000000000000000e+05	7.584039129624164062e+12
1.249500000000000000e+05	8.014813151252965820e+12
1.251000000000000000e+05	8.550311549498471680e+12
1.252500000000000000e+05	9.058695333684308594e+12
1.254000000000000000e+05	9.435499471556833984e+12
1.255500000000000000e+05	9.662037691595927734e+12
1.257000000000000000e+05	9.844590433975757812e+12
1.258500000000000000e+05	1.020949833232524414e+13
1.260000000000000000e+05	1.103234037439654492e+13
1.261500000000000000e+05	1.249920809479712305e+13
1.263000000000000000e+05	1.454590653120822070e+13
1.264500000000000000e+05	1.678088500870871680e+13
1.266000000000000000e+05	1.860642802169106250e+13
1.267500000000000000e+05	1.954370140226260156e+13
1.269000000000000000e+05	1.957342740069998828e+13
1.270500000000000000e+05	1.919248348691138672e+13
1.272000000000000000e+05	1.904354934864858203e+13
1.273500000000000000e+05	1.938785080905604688e+13
1.275000000000000000e+05	1.993423081373258984e+13
1.276500000000000000e+05	2.007848251867391406e+13
1.278000000000000000e+05	1.906803540271397266e+13
1.279500000000000000e+05	1.627772677929381836e+13
1.281000000000000000e+05	1.209774588568087305e+13
1.282500000000000000e+05	8.163165126655069336e+12
1.284000000000000000e+05	5.906670531835649414e+12
1.285500000000000000e+05	5.368811962055367188e+12
1.287000000000000000e+05	5.734435250757231445e+12
1.288500000000000000e+05	6.294877512115301758e+12
1.290000000000000000e+05	6.711906749862689453e+12
1.291500000000000000e+05	6.896775016477321289e+12
1.293000000000000000e+05	6.890226026182534180e+12
1.294500000000000000e+05	6.811329154996837891e+12
1.296000000000000000e+05	6.815335912838455078e+12
1.297500000000000000e+05	7.038056720253735352e+12
1.299000000000000000e+05	7.534299159440926758e+12
1.300500000000000000e+05	8.232685919689901367e+12
1.302000000000000000e+05	8.936974649249656250e+12
1.303500000000000000e+05	9.399506431487849609e+12
1.305000000000000000e+05	9.461050397457472656e+12
1.306500000000000000e+05	9.191775839392240234e+12
1.308000000000000000e+05	8.918167251037664062e+12
1.309500000000000000e+05	9.052930138400031250e+12
1.311000000000000000e+05	9.793048593604451172e+12
1.312500000000000000e+05	1.092515357805660156e+13
1.314000000000000000e+05	1.197946941720129883e+13
1.315500000000000000e+05	1.267280923678542969e+13
1.317000000000000000e+05	1.317169070016757227e+13
1.318500000000000000e+05	1.376023269347458984e+13
1.320000000000000000e+05	1.426361586108048242e+13
1.321500000000000000e+05	1.408548604106859375e+13
1.323000000000000000e+05	1.292651745756225586e+13
1.324500000000000000e+05	1.122004281080016602e+13
1.326000000000000000e+05	9.701329162168650391e+12
1.327500000000000000e+05	8.740899090390862305e+12
1.329000000000000000e+05	8.226481194064921875e+12
1.330500000000000000e+05	7.927901237372671875e+12
1.332000000000000000e+05	7.759733633022972656e+12
1.333500000000000000e+05	7.770552567991037109e+12
1.335000000000000000e+05	8.039862724867556641e+12
1.336500000000000000e+05	8.604099615817993164e+12
1.338000000000000000e+05	9.434651991782207031e+12
1.339500000000000000e+05	1.042199331085885352e+13
1.341000000000000000e+05	1.140594449347205664e+13
1.342500000000000000e+05	1.221444202309579102e+13
1.344000000000000000e+05	1.271867707077355078e+13
1.345500000000000000e+05	1.289458936733091797e+13
1.347000000000000000e+05	1.286766521687132031e+13
1.348500000000000000e+05	1.287314672668615234e+13
1.350000000000000000e+05	1.305653004964692773e+13
1.351500000000000000e+05	1.324013567540716602e+13
1.353000000000000000e+05	1.303409672446790820e+13
1.354500000000000000e+05	1.233636278917895117e+13
1.356000000000000000e+05	1.155560050512051172e+13
1.357500000000000000e+05	1.118365849121800586e+13
1.359000000000000000e+05	1.123550762904002734e+13
1.360500000000000000e+05	1.125103282894458203e+13
1.362000000000000000e+05	1.071466737285270703e+13
1.363500000000000000e+05	9.408996753683158203e+12
1.365000000000000000e+05	7.509672982457208984e+12
1.366500000000000000e+05	5.527773268763835938e+12
1.368000000000000000e+05	4.064208343788517090e+12
1.369500000000000000e+05	3.415272516447120605e+12
1.371000000000000000e+05	3.462970400078214844e+12
1.372500000000000000e+05	3.912454679303331543e+12
1.374000000000000000e+05	4.521503252528244141e+12
1.375500000000000000e+05	5.123790522356903320e+12
1.377000000000000000e+05	5.612331624675614258e+12
1.378500000000000000e+05	5.933236321482014648e+12
1.380000000000000000e+05	6.099042405853453125e+12
1.381500000000000000e+05	6.191751840263250977e+12
1.383000000000000000e+05	6.339033959146679688e+12
1.384500000000000000e+05	6.661488290616559570e+12
1.386000000000000000e+05	7.206362151965527344e+12
1.387500000000000000e+05	7.901504731455301758e+12
1.389000000000000000e+05	8.569444555637228516e+12
1.390500000000000000e+05	9.017965374394810547e+12
1.392000000000000000e+05	9.169423242001611328e+12
1.393500000000000000e+05	9.139181555037308594e+12
1.395000000000000000e+05	9.179235364620583984e+12
1.396500000000000000e+05	9.495439169741494141e+12
1.398000000000000000e+05	1.007681019464179883e+13
1.399500000000000000e+05	1.071638954087677930e+13
1.401000000000000000e+05	1.124223928500668945e+13
1.402500000000000000e+05	1.170261693206170508e+13
1.404000000000000000e+05	1.222521958830294531e+13
1.405500000000000000e+05	1.269558426496850586e+13
1.407000000000000000e+05	1.274123964509154102e+13
1.408500000000000000e+05	1.212540120774846289e+13
1.410000000000000000e+05	1.102733910286891602e+13
1.411500000000000000e+05	9.851670458197166016e+12
1.413000000000000000e+05	8.854156179591011719e+12
1.414500000000000000e+05	8.072409875768112305e+12
1.416000000000000000e+05	7.510164612396254883e+12
1.417500000000000000e+05	7.231238216193477539e+12
1.419000000000000000e+05	7.222098227851966797e+12
1.420500000000000000e+05	7.266156954595330078e+12
1.422000000000000000e+05	7.054306800629944336e+12
1.423500000000000000e+05	6.495292743806601562e+12
1.425000000000000000e+05	5.830449404628781250e+12
1.426500000000000000e+05	5.363601590853622070e+12
1.428000000000000000e+05	5.152256431293150391e+12
1.429500000000000000e+05	5.068941080152502930e+12
1.431000000000000000e+05	5.040541314793834961e+12
1.432500000000000000e+05	5.149869459579313477e+12
1.434000000000000000e+05	5.538307480828769531e+12
1.435500000000000000e+05	6.248955750975079102e+12
1.437000000000000000e+05	7.148784876777765625e+12
1.438500000000000000e+05	7.996415196788769531e+12
1.440000000000000000e+05	8.615256180622598633e+12
1.441500000000000000e+05	9.022139286790470703e+12
1.443000000000000000e+05	9.363856737185285156e+12
1.444500000000000000e+05	9.697998265582166016e+12
1.446000000000000000e+05	9.854579809600919922e+12
1.447500000000000000e+05	9.546106045166802734e+12
1.449000000000000000e+05	8.613522155529159180e+12
1.450500000000000000e+05	7.185816693872495117e+12
1.452000000000000000e+05	5.644059237886922852e+12
1.453500000000000000e+05	4.398958139027536133e+12
1.455000000000000000e+05	3.662069700489481934e+12
1.456500000000000000e+05	3.404417461504185547e+12
1.458000000000000000e+05	3.493269346968838867e+12
1.459500000000000000e+05	3.805639387933208008e+12
1.461000000000000000e+05	4.243660136068246582e+12
1.462500000000000000e+05	4.715442097542158203e+12
1.464000000000000000e+05	5.135034846979422852e+12
1.465500000000000000e+05	5.451380539678422852e+12
1.467000000000000000e+05	5.664685454476711914e+12
1.468500000000000000e+05	5.837690961151205078e+12
1.470000000000000000e+05	6.068436465282412109e+12
1.471500000000000000e+05	6.437027949584872070e+12
1.473000000000000000e+05	6.949906329018525391e+12
1.474500000000000000e+05	7.519606598112914062e+12
1.476000000000000000e+05	8.006997989137279297e+12
1.477500000000000000e+05	8.314136054458382812e+12
1.479000000000000000e+05	8.469293774516435547e+12
1.480500000000000000e+05	8.630003287769682617e+12
1.482000000000000000e+05	8.975981072242562500e+12
1.483500000000000000e+05	9.558755340059703125e+12
1.485000000000000000e+05	1.024064337139418945e+13
1.486500000000000000e+05	1.079372218539350781e+13
1.488000000000000000e+05	1.105690669610884180e+13
1.489500000000000000e+05	1.097384695640790820e+13
1.491000000000000000e+05	1.050414696247596680e+13
1.492500000000000000e+05	9.591569791805193359e+12
1.494000000000000000e+05	8.274784954148742188e+12
1.495500000000000000e+05	6.786374409143265625e+12
1.497000000000000000e+05	5.466522787339262695e+12
1.498500000000000000e+05	4.554191526101956055e+12
1.500000000000000000e+05	4.053034995679403809e+12
