3.000000000000000000e+03	6.433288191482166201e+07
3.150000000000000000e+03	3.173600625000916719e+08
3.300000000000000000e+03	1.404380985090560198e+09
3.450000000000000000e+03	6.219403041273426056e+09
3.600000000000000000e+03	3.045859494038682556e+10
3.750000000000000000e+03	9.618005301069298096e+11
3.900000000000000000e+03	1.706505491720205664e+13
4.050000000000000000e+03	1.808529111891154053e+12
4.200000000000000000e+03	3.076691509469392090e+11
4.350000000000000000e+03	1.942780663220269775e+11
4.500000000000000000e+03	1.638882466048912048e+11
4.650000000000000000e+03	1.481730054798453064e+11
4.800000000000000000e+03	1.459367002872066040e+11
4.950000000000000000e+03	1.590745598154371948e+11
5.100000000000000000e+03	1.750692954993282776e+11
5.250000000000000000e+03	1.919984869639149780e+11
5.400000000000000000e+03	2.198594854671038208e+11
5.550000000000000000e+03	2.569726070101880188e+11
5.700000000000000000e+03	2.970415686290778809e+11
5.850000000000000000e+03	3.476905285092559204e+11
6.000000000000000000e+03	4.167351137310508423e+11
6.150000000000000000e+03	5.008306399695448608e+11
6.300000000000000000e+03	6.042309373470662842e+11
6.450000000000000000e+03	7.444167962314556885e+11
6.600000000000000000e+03	9.341014774867568359e+11
6.750000000000000000e+03	1.189421382381989258e+12
6.900000000000000000e+03	1.561180812511847656e+12
7.050000000000000000e+03	2.154949486528523682e+12
7.200000000000000000e+03	3.293444954494328125e+12
7.350000000000000000e+03	8.654568269958464844e+12
7.500000000000000000e+03	6.926219022035372656e+13
7.650000000000000000e+03	2.919700710607121875e+14
7.800000000000000000e+03	4.553282209491013750e+14
7.950000000000000000e+03	4.611639312017009375e+14
8.100000000000000000e+03	5.519758622778218125e+14
8.250000000000000000e+03	8.637403813783906250e+14
8.400000000000000000e+03	1.445828595366143500e+15
8.550000000000000000e+03	1.337045615233214250e+15
8.700000000000000000e+03	4.531646406865220312e+13
8.850000000000000000e+03	1.550386994562860742e+13
9.000000000000000000e+03	8.462999272855678711e+12
9.150000000000000000e+03	5.513191586690983398e+12
9.300000000000000000e+03	3.959022134108494141e+12
9.450000000000000000e+03	3.028841811867430176e+12
9.600000000000000000e+03	2.425759352449236328e+12
9.750000000000000000e+03	2.013989521144178711e+12
9.900000000000000000e+03	1.723872862246013184e+12
1.005000000000000000e+04	1.516568737345364746e+12
1.020000000000000000e+04	1.369997998651152100e+12
1.035000000000000000e+04	1.271468032225694824e+12
1.050000000000000000e+04	1.214860863436110840e+12
1.065000000000000000e+04	1.200994708785968262e+12
1.080000000000000000e+04	1.248762696586416260e+12
1.095000000000000000e+04	1.555466212306263184e+12
1.110000000000000000e+04	3.391027167861087891e+12
1.125000000000000000e+04	8.255722906340432617e+12
1.140000000000000000e+04	1.007791897480199609e+13
1.155000000000000000e+04	2.531278136684578906e+13
1.170000000000000000e+04	1.535669964130559062e+14
1.185000000000000000e+04	7.346157640040218750e+14
1.200000000000000000e+04	6.971191286249708750e+14
1.215000000000000000e+04	1.039353129990810547e+13
1.230000000000000000e+04	3.861983699767750977e+12
1.245000000000000000e+04	2.295277373984457520e+12
1.260000000000000000e+04	1.672058317565768311e+12
1.275000000000000000e+04	1.367407482118297607e+12
1.290000000000000000e+04	1.204654538299345703e+12
1.305000000000000000e+04	1.117764389981774170e+12
1.320000000000000000e+04	1.078059130038524536e+12
1.335000000000000000e+04	1.072104026586258667e+12
1.350000000000000000e+04	1.093934166710981689e+12
1.365000000000000000e+04	1.142186146500408691e+12
1.380000000000000000e+04	1.219602191698159180e+12
1.395000000000000000e+04	1.332539780617136963e+12
1.410000000000000000e+04	1.497505461145842285e+12
1.425000000000000000e+04	1.756714361606548584e+12
1.440000000000000000e+04	2.232197869468488770e+12
1.455000000000000000e+04	3.305029997325831543e+12
1.470000000000000000e+04	6.257305112318337891e+12
1.485000000000000000e+04	1.617817189888968945e+13
1.500000000000000000e+04	5.173747798702616406e+13
1.515000000000000000e+04	1.543240384510701250e+14
1.530000000000000000e+04	3.536113396993806250e+14
1.545000000000000000e+04	6.084534801027150000e+14
1.560000000000000000e+04	8.435327837532282500e+14
1.575000000000000000e+04	9.678862973423052500e+14
1.590000000000000000e+04	7.951399804878553750e+14
1.605000000000000000e+04	5.064580137992404375e+14
1.620000000000000000e+04	5.152607001951646250e+14
1.635000000000000000e+04	5.119262652403174375e+14
1.650000000000000000e+04	4.883581960216968125e+14
1.665000000000000000e+04	4.383815547872945000e+14
1.680000000000000000e+04	3.437875158392071875e+14
1.695000000000000000e+04	2.180322798964216875e+14
1.710000000000000000e+04	7.700745095217495312e+13
1.725000000000000000e+04	7.400323171092275391e+12
1.740000000000000000e+04	3.982783941387390625e+12
1.755000000000000000e+04	2.828548444931315430e+12
1.770000000000000000e+04	2.229075527452532227e+12
1.785000000000000000e+04	1.880607181807519043e+12
1.800000000000000000e+04	1.689137046526432129e+12
1.815000000000000000e+04	1.687825409827539307e+12
1.830000000000000000e+04	2.321468493304676270e+12
1.845000000000000000e+04	5.698751813040471680e+12
1.860000000000000000e+04	1.840138741305362109e+13
1.875000000000000000e+04	5.241885443596639062e+13
1.890000000000000000e+04	1.137190163189382812e+14
1.905000000000000000e+04	1.796362448286189688e+14
1.920000000000000000e+04	2.022459011271611250e+14
1.935000000000000000e+04	1.574551072474541562e+14
1.950000000000000000e+04	8.341579927249712500e+13
1.965000000000000000e+04	1.220353237807742656e+14
1.980000000000000000e+04	3.904630817353952500e+14
1.995000000000000000e+04	6.444848649668788750e+14
2.010000000000000000e+04	2.945886128843241797e+13
2.025000000000000000e+04	4.020322697237356934e+12
2.040000000000000000e+04	2.133336368378167480e+12
2.055000000000000000e+04	1.467994601648808105e+12
2.070000000000000000e+04	1.151415129901373047e+12
2.085000000000000000e+04	9.787930100204412842e+11
2.100000000000000000e+04	8.800616094080666504e+11
2.115000000000000000e+04	8.272965724529403076e+11
2.130000000000000000e+04	8.116629969061856689e+11
2.145000000000000000e+04	8.393691725975718994e+11
2.160000000000000000e+04	9.401371592569411621e+11
2.175000000000000000e+04	1.206301332519377930e+12
2.190000000000000000e+04	1.885250126455870117e+12
2.205000000000000000e+04	3.566404144827590820e+12
2.220000000000000000e+04	7.281261877233928711e+12
2.235000000000000000e+04	1.394176280351274805e+13
2.250000000000000000e+04	2.271295448687457422e+13
2.265000000000000000e+04	3.023409986364234375e+13
2.280000000000000000e+04	3.491186678009830469e+13
2.295000000000000000e+04	4.555739759589046094e+13
2.310000000000000000e+04	8.363795698748371875e+13
2.325000000000000000e+04	1.721544094346803125e+14
2.340000000000000000e+04	3.204195907257465000e+14
2.355000000000000000e+04	5.043083165675131875e+14
2.370000000000000000e+04	6.018215512736033750e+14
2.385000000000000000e+04	4.852396261267736250e+14
2.400000000000000000e+04	1.406347199543501562e+14
2.415000000000000000e+04	2.843376188832632812e+13
2.430000000000000000e+04	2.237212939732003906e+13
2.445000000000000000e+04	2.673169922080025781e+13
2.460000000000000000e+04	4.624731193266053125e+13
2.475000000000000000e+04	9.197137832601670312e+13
2.490000000000000000e+04	1.891245645747217500e+14
2.505000000000000000e+04	3.438451116500836875e+14
2.520000000000000000e+04	4.676730892726208750e+14
2.535000000000000000e+04	5.568986712937782500e+14
2.550000000000000000e+04	6.544925452737796250e+14
2.565000000000000000e+04	7.219950368661258750e+14
2.580000000000000000e+04	1.692198743556403438e+14
2.595000000000000000e+04	1.386755219836439844e+13
2.610000000000000000e+04	8.675024484622008789e+12
2.625000000000000000e+04	1.279865297164796484e+13
2.640000000000000000e+04	2.940925854151505859e+13
2.655000000000000000e+04	6.625220429351808594e+13
2.670000000000000000e+04	1.268360935933584531e+14
2.685000000000000000e+04	2.021378314397824688e+14
2.700000000000000000e+04	2.691450320771973125e+14
2.715000000000000000e+04	2.996660059370714375e+14
2.730000000000000000e+04	2.741312012202936250e+14
2.745000000000000000e+04	2.065262559842748750e+14
2.760000000000000000e+04	1.945421417527013438e+14
2.775000000000000000e+04	2.223249623721420625e+14
2.790000000000000000e+04	3.522865370351546250e+14
2.805000000000000000e+04	1.686423956789540625e+14
2.820000000000000000e+04	5.396108507540754883e+12
2.835000000000000000e+04	2.414445288932563477e+12
2.850000000000000000e+04	1.690050663519221191e+12
2.865000000000000000e+04	1.371996190069934814e+12
2.880000000000000000e+04	1.212326572867366943e+12
2.895000000000000000e+04	1.141142210244153320e+12
2.910000000000000000e+04	1.148504072147993164e+12
2.925000000000000000e+04	1.294071952223860107e+12
2.940000000000000000e+04	1.808745686315968750e+12
2.955000000000000000e+04	3.334686865352200684e+12
2.970000000000000000e+04	7.287451361081753906e+12
2.985000000000000000e+04	1.606225164565658789e+13
3.000000000000000000e+04	3.242930845623067578e+13
3.015000000000000000e+04	5.749650069179128906e+13
3.030000000000000000e+04	8.777949613476287500e+13
3.045000000000000000e+04	1.138744772690130000e+14
3.060000000000000000e+04	1.237680697973592500e+14
3.075000000000000000e+04	1.108522263807489219e+14
3.090000000000000000e+04	8.199818758333526562e+13
3.105000000000000000e+04	5.990881476544129688e+13
3.120000000000000000e+04	7.811854250180406250e+13
3.135000000000000000e+04	1.679303069370838750e+14
3.150000000000000000e+04	3.194322330218753125e+14
3.165000000000000000e+04	4.461489621983415000e+14
3.180000000000000000e+04	4.826103084430425625e+14
3.195000000000000000e+04	3.234938825411805625e+14
3.210000000000000000e+04	1.508225148790157188e+14
3.225000000000000000e+04	1.685301576687801562e+14
3.240000000000000000e+04	2.012889744699327188e+14
3.255000000000000000e+04	2.365146011960882500e+14
3.270000000000000000e+04	2.729978039583071562e+14
3.285000000000000000e+04	3.094626580918864375e+14
3.300000000000000000e+04	3.440426424391918125e+14
3.315000000000000000e+04	3.735576293548908125e+14
3.330000000000000000e+04	3.922918649629208750e+14
3.345000000000000000e+04	3.934377481649007500e+14
3.360000000000000000e+04	3.757456915920489375e+14
3.375000000000000000e+04	3.417527905156684375e+14
3.390000000000000000e+04	2.899845018945229375e+14
3.405000000000000000e+04	2.165384702224255938e+14
3.420000000000000000e+04	1.201749026889539531e+14
3.435000000000000000e+04	3.509540945601493750e+13
3.450000000000000000e+04	2.807925748169486328e+13
3.465000000000000000e+04	5.535993165364932031e+13
3.480000000000000000e+04	1.055473874155781719e+14
3.495000000000000000e+04	1.706085034112694375e+14
3.510000000000000000e+04	2.306514910014741562e+14
3.525000000000000000e+04	2.602701015075066562e+14
3.540000000000000000e+04	2.588365125956730625e+14
3.555000000000000000e+04	2.421760617170825000e+14
3.570000000000000000e+04	1.894843601403984375e+14
3.585000000000000000e+04	1.957537579790251250e+14
3.600000000000000000e+04	2.131173264478893125e+14
3.615000000000000000e+04	2.105828115844352344e+13
3.630000000000000000e+04	2.577721743570821777e+12
3.645000000000000000e+04	1.776089196295751953e+12
3.660000000000000000e+04	1.596781800696676025e+12
3.675000000000000000e+04	1.674734579967057861e+12
3.690000000000000000e+04	1.929976438430150391e+12
3.705000000000000000e+04	2.327713492574276855e+12
3.720000000000000000e+04	2.918115183548565430e+12
3.735000000000000000e+04	4.049962505596555176e+12
3.750000000000000000e+04	6.748096930996142578e+12
3.765000000000000000e+04	1.307476576759592773e+13
3.780000000000000000e+04	2.606379058905192969e+13
3.795000000000000000e+04	4.877532512996443750e+13
3.810000000000000000e+04	8.241099244077154688e+13
3.825000000000000000e+04	1.242256669247005312e+14
3.840000000000000000e+04	1.666559591389372188e+14
3.855000000000000000e+04	1.989785266305130938e+14
3.870000000000000000e+04	2.116966476885862500e+14
3.885000000000000000e+04	2.024438671487057500e+14
3.900000000000000000e+04	1.814635920802285000e+14
3.915000000000000000e+04	1.736898428746424062e+14
3.930000000000000000e+04	2.071998393348474062e+14
3.945000000000000000e+04	2.773351940646238438e+14
3.960000000000000000e+04	3.582319232945273125e+14
3.975000000000000000e+04	4.300831686698711250e+14
3.990000000000000000e+04	3.927222380929780625e+14
4.005000000000000000e+04	2.115902954683281250e+14
4.020000000000000000e+04	1.586095062113477812e+14
4.035000000000000000e+04	1.550344975335826562e+14
4.050000000000000000e+04	1.497091052468216250e+14
4.065000000000000000e+04	1.414139575098652500e+14
4.080000000000000000e+04	1.307492624896527969e+14
4.095000000000000000e+04	1.190004902769271094e+14
4.110000000000000000e+04	1.082681117138006719e+14
4.125000000000000000e+04	1.017175907857794062e+14
4.140000000000000000e+04	1.039351466820562500e+14
4.155000000000000000e+04	1.197895722360465469e+14
4.170000000000000000e+04	1.478259922438529688e+14
4.185000000000000000e+04	1.750921204328022500e+14
4.200000000000000000e+04	1.902590594102380312e+14
4.215000000000000000e+04	1.958937997979487188e+14
4.230000000000000000e+04	2.011224924107216875e+14
4.245000000000000000e+04	2.169467208348340938e+14
4.260000000000000000e+04	2.565176408414718750e+14
4.275000000000000000e+04	3.188113014190568125e+14
4.290000000000000000e+04	2.693302444356756562e+14
4.305000000000000000e+04	1.600315322232842188e+14
4.320000000000000000e+04	1.855148467632864375e+14
4.335000000000000000e+04	2.258399337319837500e+14
4.350000000000000000e+04	2.348339960562571875e+14
4.365000000000000000e+04	1.914765015592005000e+14
4.380000000000000000e+04	1.458098563276326562e+14
4.395000000000000000e+04	1.588492864980327500e+14
4.410000000000000000e+04	6.032847877431109375e+13
4.425000000000000000e+04	6.191761899080150391e+12
4.440000000000000000e+04	4.920631675130103516e+12
4.455000000000000000e+04	6.823461948859493164e+12
4.470000000000000000e+04	9.905288174169769531e+12
4.485000000000000000e+04	1.396615728752562500e+13
4.500000000000000000e+04	1.854008301746554297e+13
4.515000000000000000e+04	2.283625436375686719e+13
4.530000000000000000e+04	2.597786740233759766e+13
4.545000000000000000e+04	2.752987796835437109e+13
4.560000000000000000e+04	2.815482715877985938e+13
4.575000000000000000e+04	3.003807986943847266e+13
4.590000000000000000e+04	3.664292259378059375e+13
4.605000000000000000e+04	5.153277686758300781e+13
4.620000000000000000e+04	7.645386811188320312e+13
4.635000000000000000e+04	1.094425407957616719e+14
4.650000000000000000e+04	1.440922508890914688e+14
4.665000000000000000e+04	1.710473896768768750e+14
4.680000000000000000e+04	1.822615812273436562e+14
4.695000000000000000e+04	1.773207817698214062e+14
4.710000000000000000e+04	1.669722106379403125e+14
4.725000000000000000e+04	1.621358745682628750e+14
4.740000000000000000e+04	1.615248890590566875e+14
4.755000000000000000e+04	1.762176088516780938e+14
4.770000000000000000e+04	2.193858322506770625e+14
4.785000000000000000e+04	2.375410995648368125e+14
4.800000000000000000e+04	1.306586914379962344e+14
4.815000000000000000e+04	3.549813326191312500e+13
4.830000000000000000e+04	2.127403869550493750e+13
4.845000000000000000e+04	1.834692762891443359e+13
4.860000000000000000e+04	1.734214819184735742e+13
4.875000000000000000e+04	1.868665057572315625e+13
4.890000000000000000e+04	2.341599987955600391e+13
4.905000000000000000e+04	3.297918583234506641e+13
4.920000000000000000e+04	4.903249808177589062e+13
4.935000000000000000e+04	7.294497850559921875e+13
4.950000000000000000e+04	1.050238718298304844e+14
4.965000000000000000e+04	1.436354099493370625e+14
4.980000000000000000e+04	1.845840409204986250e+14
4.995000000000000000e+04	2.213918233744899375e+14
5.010000000000000000e+04	2.472621466676690312e+14
5.025000000000000000e+04	2.583842367510746562e+14
5.040000000000000000e+04	2.561716977946104062e+14
5.055000000000000000e+04	2.466505372073776250e+14
5.070000000000000000e+04	2.377383126604658750e+14
5.085000000000000000e+04	2.350936364994351250e+14
5.100000000000000000e+04	2.385464766923467812e+14
5.115000000000000000e+04	2.443043712365619062e+14
5.130000000000000000e+04	2.430410017485701562e+14
5.145000000000000000e+04	2.184911306493404062e+14
5.160000000000000000e+04	1.816697599904580000e+14
5.175000000000000000e+04	1.373384520289830625e+14
5.190000000000000000e+04	1.159792739988788906e+14
5.205000000000000000e+04	7.851457710256157812e+13
5.220000000000000000e+04	1.685287898552554883e+13
5.235000000000000000e+04	7.954659311433710938e+12
5.250000000000000000e+04	1.136342452202613281e+13
5.265000000000000000e+04	1.712637329043210156e+13
5.280000000000000000e+04	2.484478146047019922e+13
5.295000000000000000e+04	3.388151586071635938e+13
5.310000000000000000e+04	4.295431080716859375e+13
5.325000000000000000e+04	5.026350487044923438e+13
5.340000000000000000e+04	5.396175340843896094e+13
5.355000000000000000e+04	5.289857850043344531e+13
5.370000000000000000e+04	4.740312913141039062e+13
5.385000000000000000e+04	3.972389163320974219e+13
5.400000000000000000e+04	3.373420223666054297e+13
5.415000000000000000e+04	3.372771111490102734e+13
5.430000000000000000e+04	4.255793551469676562e+13
5.445000000000000000e+04	5.989975903722285156e+13
5.460000000000000000e+04	8.183023104198817188e+13
5.475000000000000000e+04	1.028718432057495938e+14
5.490000000000000000e+04	1.198908149234328594e+14
5.505000000000000000e+04	1.322125054854839844e+14
5.520000000000000000e+04	1.345382778127542344e+14
5.535000000000000000e+04	1.226539616033306875e+14
5.550000000000000000e+04	1.128947812284796094e+14
5.565000000000000000e+04	1.309217854579816875e+14
5.580000000000000000e+04	1.672330846479593750e+14
5.595000000000000000e+04	1.431718345583684062e+14
5.610000000000000000e+04	6.782415845752975781e+13
5.625000000000000000e+04	4.823341795431741406e+13
5.640000000000000000e+04	5.548573806995893750e+13
5.655000000000000000e+04	6.455761765594319531e+13
5.670000000000000000e+04	7.292375457833989062e+13
5.685000000000000000e+04	8.008242765200664062e+13
5.700000000000000000e+04	8.608823639715868750e+13
5.715000000000000000e+04	9.162759461760153125e+13
5.730000000000000000e+04	9.791094829200614062e+13
5.745000000000000000e+04	1.062767312236932500e+14
5.760000000000000000e+04	1.175665199598725625e+14
5.775000000000000000e+04	1.315115734970352031e+14
5.790000000000000000e+04	1.464895006735649375e+14
5.805000000000000000e+04	1.598897382188594375e+14
5.820000000000000000e+04	1.688993611833425938e+14
5.835000000000000000e+04	1.712764547017545000e+14
5.850000000000000000e+04	1.661801759392500312e+14
5.865000000000000000e+04	1.551802762217542812e+14
5.880000000000000000e+04	1.423567595050214688e+14
5.895000000000000000e+04	1.336989944210246562e+14
5.910000000000000000e+04	1.366551192201583750e+14
5.925000000000000000e+04	1.546342301872367500e+14
5.940000000000000000e+04	1.811628156489762188e+14
5.955000000000000000e+04	2.016530511788602812e+14
5.970000000000000000e+04	2.026073496116515625e+14
5.985000000000000000e+04	1.967275221302504688e+14
6.000000000000000000e+04	1.690024077740941875e+14
6.015000000000000000e+04	7.166839759178806250e+13
6.030000000000000000e+04	1.480201290451916016e+13
6.045000000000000000e+04	8.082046373790580078e+12
6.060000000000000000e+04	1.057117525932500977e+13
6.075000000000000000e+04	1.578710911341863086e+13
6.090000000000000000e+04	2.349952080874401953e+13
6.105000000000000000e+04	3.323138918690548047e+13
6.120000000000000000e+04	4.382132971161142969e+13
6.135000000000000000e+04	5.350677955071056250e+13
6.150000000000000000e+04	6.034017049774109375e+13
6.165000000000000000e+04	6.286866172201073438e+13
6.180000000000000000e+04	6.085708261042758594e+13
6.195000000000000000e+04	5.571140295175439844e+13
6.210000000000000000e+04	5.027236010108353906e+13
6.225000000000000000e+04	4.788441829751164844e+13
6.240000000000000000e+04	5.110856476582088281e+13
6.255000000000000000e+04	6.097855489859835938e+13
6.270000000000000000e+04	7.758681565782926562e+13
6.285000000000000000e+04	1.005738658477917031e+14
6.300000000000000000e+04	1.257480862250086719e+14
6.315000000000000000e+04	1.419296182583649375e+14
6.330000000000000000e+04	1.402684666405663906e+14
6.345000000000000000e+04	1.273129022993352031e+14
6.360000000000000000e+04	1.236622972530980156e+14
6.375000000000000000e+04	1.427167922160283750e+14
6.390000000000000000e+04	1.491285330693315938e+14
6.405000000000000000e+04	1.046376885298470625e+14
6.420000000000000000e+04	7.098886259268323438e+13
6.435000000000000000e+04	6.913124988544412500e+13
6.450000000000000000e+04	7.347966453251956250e+13
6.465000000000000000e+04	7.670978206209731250e+13
6.480000000000000000e+04	7.761150215350254688e+13
6.495000000000000000e+04	7.564594438544268750e+13
6.510000000000000000e+04	7.089272670527207812e+13
6.525000000000000000e+04	6.422890659731261719e+13
6.540000000000000000e+04	5.729472494930468750e+13
6.555000000000000000e+04	5.215679491218958594e+13
6.570000000000000000e+04	5.070977271066719531e+13
6.585000000000000000e+04	5.401215410564722656e+13
6.600000000000000000e+04	6.186124082440073438e+13
6.615000000000000000e+04	7.287291594791371875e+13
6.630000000000000000e+04	8.506511000921104688e+13
6.645000000000000000e+04	9.651811486444582812e+13
6.660000000000000000e+04	1.055447346719582500e+14
6.675000000000000000e+04	1.107798462911224688e+14
6.690000000000000000e+04	1.126836930757618594e+14
6.705000000000000000e+04	1.152993866151001875e+14
6.720000000000000000e+04	1.247828438028859062e+14
6.735000000000000000e+04	1.449682402681570938e+14
6.750000000000000000e+04	1.704262764129650625e+14
6.765000000000000000e+04	1.839758197407581562e+14
6.780000000000000000e+04	1.758239590185435625e+14
6.795000000000000000e+04	1.581258634342806250e+14
6.810000000000000000e+04	1.282345156873479844e+14
6.825000000000000000e+04	9.647278688832548438e+13
6.840000000000000000e+04	7.338947242684667188e+13
6.855000000000000000e+04	4.749338041567907031e+13
6.870000000000000000e+04	2.633795033784410156e+13
6.885000000000000000e+04	2.032145127578612500e+13
6.900000000000000000e+04	2.340322371964678906e+13
6.915000000000000000e+04	2.996899789039367578e+13
6.930000000000000000e+04	3.851045851230848438e+13
6.945000000000000000e+04	4.780609505924411719e+13
6.960000000000000000e+04	5.629914838264570312e+13
6.975000000000000000e+04	6.251145393132653906e+13
6.990000000000000000e+04	6.555707878779291406e+13
7.005000000000000000e+04	6.545505281349439844e+13
7.020000000000000000e+04	6.308609099801082031e+13
7.035000000000000000e+04	5.997110173591784375e+13
7.050000000000000000e+04	5.836788082795177344e+13
7.065000000000000000e+04	6.160822947506717969e+13
7.080000000000000000e+04	7.274619569701857812e+13
7.095000000000000000e+04	9.033152816893742188e+13
7.110000000000000000e+04	1.064537969892493125e+14
7.125000000000000000e+04	1.119702456945507031e+14
7.140000000000000000e+04	1.040325395650234219e+14
7.155000000000000000e+04	9.116935413068701562e+13
7.170000000000000000e+04	8.936109910220684375e+13
7.185000000000000000e+04	9.417713299448529688e+13
7.200000000000000000e+04	7.298278478115246875e+13
7.215000000000000000e+04	3.925731489429942188e+13
7.230000000000000000e+04	2.751328472455432422e+13
7.245000000000000000e+04	2.907463479801518359e+13
7.260000000000000000e+04	3.325526684633701953e+13
7.275000000000000000e+04	3.777666776964821094e+13
7.290000000000000000e+04	4.175600769608376562e+13
7.305000000000000000e+04	4.445397912970339062e+13
7.320000000000000000e+04	4.545777016823120312e+13
7.335000000000000000e+04	4.489186499675117969e+13
7.350000000000000000e+04	4.347903305542633594e+13
7.365000000000000000e+04	4.238995612685971875e+13
7.380000000000000000e+04	4.292324901265522656e+13
7.395000000000000000e+04	4.616400811809191406e+13
7.410000000000000000e+04	5.278229562162353125e+13
7.425000000000000000e+04	6.295963928000075781e+13
7.440000000000000000e+04	7.615297348181295312e+13
7.455000000000000000e+04	9.052291420395834375e+13
7.470000000000000000e+04	1.027827378764512969e+14
7.485000000000000000e+04	1.096689182320558594e+14
7.500000000000000000e+04	1.105929019461867969e+14
7.515000000000000000e+04	1.094375957312673594e+14
7.530000000000000000e+04	1.130794740708823750e+14
7.545000000000000000e+04	1.248636953568436406e+14
7.560000000000000000e+04	1.371309685444125938e+14
7.575000000000000000e+04	1.360481685086993125e+14
7.590000000000000000e+04	1.205228941248487344e+14
7.605000000000000000e+04	9.728437629943951562e+13
7.620000000000000000e+04	7.289505936173454688e+13
7.635000000000000000e+04	5.920867513143175781e+13
7.650000000000000000e+04	5.362749558464004688e+13
7.665000000000000000e+04	5.102903070355057812e+13
7.680000000000000000e+04	5.204697416266453906e+13
7.695000000000000000e+04	5.759536354776006250e+13
7.710000000000000000e+04	6.116986760296025000e+13
7.725000000000000000e+04	5.168191231389272656e+13
7.740000000000000000e+04	3.718475222491589062e+13
7.755000000000000000e+04	3.316576822621891016e+13
7.770000000000000000e+04	3.716040012989303906e+13
7.785000000000000000e+04	4.277594825242754688e+13
7.800000000000000000e+04	4.750252716416872656e+13
7.815000000000000000e+04	5.010167141766522656e+13
7.830000000000000000e+04	4.981549825301392188e+13
7.845000000000000000e+04	4.722729206773316406e+13
7.860000000000000000e+04	4.499135732713889844e+13
7.875000000000000000e+04	4.679720989765629688e+13
7.890000000000000000e+04	5.446610301982437500e+13
7.905000000000000000e+04	6.601362627828820312e+13
7.920000000000000000e+04	7.621398507246409375e+13
7.935000000000000000e+04	7.910266245114589062e+13
7.950000000000000000e+04	7.342952006536575000e+13
7.965000000000000000e+04	6.742508393391754688e+13
7.980000000000000000e+04	6.780521791704978125e+13
7.995000000000000000e+04	6.041913430462823438e+13
8.010000000000000000e+04	3.822906602220092969e+13
8.025000000000000000e+04	2.303274127339324609e+13
8.040000000000000000e+04	2.119263132615991016e+13
8.055000000000000000e+04	2.450558142646613672e+13
8.070000000000000000e+04	2.944820550624375391e+13
8.085000000000000000e+04	3.531218007462820312e+13
8.100000000000000000e+04	4.147486753527014844e+13
8.115000000000000000e+04	4.719732304187768750e+13
8.130000000000000000e+04	5.174929026791388281e+13
8.145000000000000000e+04	5.458328720806264062e+13
8.160000000000000000e+04	5.547824187669560938e+13
8.175000000000000000e+04	5.464534209788890625e+13
8.190000000000000000e+04	5.282520291030589062e+13
8.205000000000000000e+04	5.136081070949140625e+13
8.220000000000000000e+04	5.205353992939171875e+13
8.235000000000000000e+04	5.646792341419158594e+13
8.250000000000000000e+04	6.469288107479422656e+13
8.265000000000000000e+04	7.443890666802434375e+13
8.280000000000000000e+04	8.168565185061137500e+13
8.295000000000000000e+04	8.308659760789890625e+13
8.310000000000000000e+04	7.884789242526560938e+13
8.325000000000000000e+04	7.375982708206323438e+13
8.340000000000000000e+04	7.412141158544867188e+13
8.355000000000000000e+04	8.080666300257781250e+13
8.370000000000000000e+04	8.553381314565004688e+13
8.385000000000000000e+04	8.036601803386259375e+13
8.400000000000000000e+04	6.730052583889341406e+13
8.415000000000000000e+04	5.269996563341999219e+13
8.430000000000000000e+04	4.465446869168647656e+13
8.445000000000000000e+04	4.485235230020139062e+13
8.460000000000000000e+04	4.817861636967310938e+13
8.475000000000000000e+04	5.167095331423634375e+13
8.490000000000000000e+04	5.457900728847546875e+13
8.505000000000000000e+04	5.656180166078430469e+13
8.520000000000000000e+04	5.719090273021614062e+13
8.535000000000000000e+04	5.574112195337284375e+13
8.550000000000000000e+04	5.115971857963571875e+13
8.565000000000000000e+04	4.326140358270315625e+13
8.580000000000000000e+04	3.565778622673412500e+13
8.595000000000000000e+04	3.384508495909702344e+13
8.610000000000000000e+04	3.753079138960843750e+13
8.625000000000000000e+04	4.207343129624792188e+13
8.640000000000000000e+04	4.453486153696332031e+13
8.655000000000000000e+04	4.476207892430881250e+13
8.670000000000000000e+04	4.448953203833080469e+13
8.685000000000000000e+04	4.616850729998743750e+13
8.700000000000000000e+04	5.157825034441152344e+13
8.715000000000000000e+04	6.021156089737274219e+13
8.730000000000000000e+04	6.819609740683774219e+13
8.745000000000000000e+04	7.081877526865537500e+13
8.760000000000000000e+04	6.849979497559567969e+13
8.775000000000000000e+04	6.678889288516100000e+13
8.790000000000000000e+04	6.355950223306435156e+13
8.805000000000000000e+04	5.092480482227977344e+13
8.820000000000000000e+04	3.620429258279569531e+13
8.835000000000000000e+04	2.917371761550166797e+13
8.850000000000000000e+04	2.742415024028305859e+13
8.865000000000000000e+04	2.721679486726416016e+13
8.880000000000000000e+04	2.781517998998051953e+13
8.895000000000000000e+04	2.931608193105950391e+13
8.910000000000000000e+04	3.171192055548112500e+13
8.925000000000000000e+04	3.473499897451458203e+13
8.940000000000000000e+04	3.784312924691221094e+13
8.955000000000000000e+04	4.028814881668849219e+13
8.970000000000000000e+04	4.131283546272801562e+13
8.985000000000000000e+04	4.051206607634468750e+13
9.000000000000000000e+04	3.827631255242650781e+13
9.015000000000000000e+04	3.601480783957190625e+13
9.030000000000000000e+04	3.574648926578024219e+13
9.045000000000000000e+04	3.898584405461140625e+13
9.060000000000000000e+04	4.554059648595883594e+13
9.075000000000000000e+04	5.316577360162404688e+13
9.090000000000000000e+04	5.856645357887303125e+13
9.105000000000000000e+04	5.945369817037066406e+13
9.120000000000000000e+04	5.663343164648910938e+13
9.135000000000000000e+04	5.430320636832561719e+13
9.150000000000000000e+04	5.655711867558677344e+13
9.165000000000000000e+04	6.173242239492379688e+13
9.180000000000000000e+04	6.298550329062728906e+13
9.195000000000000000e+04	5.704595511846896875e+13
9.210000000000000000e+04	4.732815415263906250e+13
9.225000000000000000e+04	4.012576581748982031e+13
9.240000000000000000e+04	3.904209346799180469e+13
9.255000000000000000e+04	4.184219933857310938e+13
9.270000000000000000e+04	4.524933207330754688e+13
9.285000000000000000e+04	4.776192592987480469e+13
9.300000000000000000e+04	4.875673362877276562e+13
9.315000000000000000e+04	4.795079677488936719e+13
9.330000000000000000e+04	4.545410889305695312e+13
9.345000000000000000e+04	4.190269848240539844e+13
9.360000000000000000e+04	3.850110208168973438e+13
9.375000000000000000e+04	3.687265598783846875e+13
9.390000000000000000e+04	3.861560029437057031e+13
9.405000000000000000e+04	4.426515386300104688e+13
9.420000000000000000e+04	5.142584195764428906e+13
9.435000000000000000e+04	5.485401065479981250e+13
9.450000000000000000e+04	5.217654143141791406e+13
9.465000000000000000e+04	4.706230491233274219e+13
9.480000000000000000e+04	4.332240355581617969e+13
9.495000000000000000e+04	4.221688536923193750e+13
9.510000000000000000e+04	4.450046796391506250e+13
9.525000000000000000e+04	4.938743919152592188e+13
9.540000000000000000e+04	5.351086473740692188e+13
9.555000000000000000e+04	5.400866702264048438e+13
9.570000000000000000e+04	5.220171220895896094e+13
9.585000000000000000e+04	4.951362733048432812e+13
9.600000000000000000e+04	4.262364573555335156e+13
9.615000000000000000e+04	3.222024988217885156e+13
9.630000000000000000e+04	2.476228734078704688e+13
9.645000000000000000e+04	2.152459349903801172e+13
9.660000000000000000e+04	1.977362618107421094e+13
9.675000000000000000e+04	1.821157664186002734e+13
9.690000000000000000e+04	1.696882342333284570e+13
9.705000000000000000e+04	1.655961718487409570e+13
9.720000000000000000e+04	1.739308243324405469e+13
9.735000000000000000e+04	1.959609452648530859e+13
9.750000000000000000e+04	2.284438925510645703e+13
9.765000000000000000e+04	2.636027030592577734e+13
9.780000000000000000e+04	2.917007846207924609e+13
9.795000000000000000e+04	3.059961173059429297e+13
9.810000000000000000e+04	3.075967458499484375e+13
9.825000000000000000e+04	3.065147719961703906e+13
9.840000000000000000e+04	3.170759607168505469e+13
9.855000000000000000e+04	3.497801661766716406e+13
9.870000000000000000e+04	4.039701772562921094e+13
9.885000000000000000e+04	4.652431124176406250e+13
9.900000000000000000e+04	5.109647492544229688e+13
9.915000000000000000e+04	5.254123307477072656e+13
9.930000000000000000e+04	5.169736749765470312e+13
9.945000000000000000e+04	5.158137041633482031e+13
9.960000000000000000e+04	5.378832646964282031e+13
9.975000000000000000e+04	5.533755798450742188e+13
9.990000000000000000e+04	5.192799897830484375e+13
1.000500000000000000e+05	4.354810688255645312e+13
1.002000000000000000e+05	3.445326793210678125e+13
1.003500000000000000e+05	2.895308036496174219e+13
1.005000000000000000e+05	2.754824613460770703e+13
1.006500000000000000e+05	2.829180416155821484e+13
1.008000000000000000e+05	2.974028417129079688e+13
1.009500000000000000e+05	3.123082092913692969e+13
1.011000000000000000e+05	3.228865114836882031e+13
1.012500000000000000e+05	3.253891735401155859e+13
1.014000000000000000e+05	3.189737832411726953e+13
1.015500000000000000e+05	3.075570345739102734e+13
1.017000000000000000e+05	2.998574349501918750e+13
1.018500000000000000e+05	3.066238199699317188e+13
1.020000000000000000e+05	3.355827034315103906e+13
1.021500000000000000e+05	3.863060009746751562e+13
1.023000000000000000e+05	4.474363157504209375e+13
1.024500000000000000e+05	4.978299333572970312e+13
1.026000000000000000e+05	5.130233280689203906e+13
1.027500000000000000e+05	4.793983173252092188e+13
1.029000000000000000e+05	4.126058003215388281e+13
1.030500000000000000e+05	3.558655139544332812e+13
1.032000000000000000e+05	3.410126956479689453e+13
1.033500000000000000e+05	3.572248657217885938e+13
1.035000000000000000e+05	3.702694076155639844e+13
1.036500000000000000e+05	3.630805031735870312e+13
1.038000000000000000e+05	3.419757921303049609e+13
1.039500000000000000e+05	3.030844503365212500e+13
1.041000000000000000e+05	2.441922944589251562e+13
1.042500000000000000e+05	1.956920253312877734e+13
1.044000000000000000e+05	1.782880731159886328e+13
1.045500000000000000e+05	1.783814770002651953e+13
1.047000000000000000e+05	1.787002312447466797e+13
1.048500000000000000e+05	1.743306201904668945e+13
1.050000000000000000e+05	1.678073919049995898e+13
1.051500000000000000e+05	1.645305195380038477e+13
1.053000000000000000e+05	1.701172746333906445e+13
1.054500000000000000e+05	1.877905563398707031e+13
1.056000000000000000e+05	2.162940448553076562e+13
1.057500000000000000e+05	2.496671551958564453e+13
1.059000000000000000e+05	2.795317426530077344e+13
1.060500000000000000e+05	2.989994283921494922e+13
1.062000000000000000e+05	3.061776414454614453e+13
1.063500000000000000e+05	3.055493484697526172e+13
1.065000000000000000e+05	3.064879201623325000e+13
1.066500000000000000e+05	3.187217715735183203e+13
1.068000000000000000e+05	3.455951169571686328e+13
1.069500000000000000e+05	3.791127266756910156e+13
1.071000000000000000e+05	4.033910587880450000e+13
1.072500000000000000e+05	4.086281373668495312e+13
1.074000000000000000e+05	4.036933600489232031e+13
1.075500000000000000e+05	4.065108470486267969e+13
1.077000000000000000e+05	4.149315160726110938e+13
1.078500000000000000e+05	4.010363898353669531e+13
1.080000000000000000e+05	3.465098096864934766e+13
1.081500000000000000e+05	2.683741543761219922e+13
1.083000000000000000e+05	2.017797758789214844e+13
1.084500000000000000e+05	1.660174657536237500e+13
1.086000000000000000e+05	1.562795602323373047e+13
1.087500000000000000e+05	1.624501849228063477e+13
1.089000000000000000e+05	1.790622518692331641e+13
1.090500000000000000e+05	2.022439586991161719e+13
1.092000000000000000e+05	2.269206383131586328e+13
1.093500000000000000e+05	2.475583206258708203e+13
1.095000000000000000e+05	2.604728999847230078e+13
1.096500000000000000e+05	2.658723979866655859e+13
1.098000000000000000e+05	2.682719834621805859e+13
1.099500000000000000e+05	2.747071829010103125e+13
1.101000000000000000e+05	2.912343043952134766e+13
1.102500000000000000e+05	3.190559151884763281e+13
1.104000000000000000e+05	3.522112330594278125e+13
1.105500000000000000e+05	3.790190942816610156e+13
1.107000000000000000e+05	3.882594534770875000e+13
1.108500000000000000e+05	3.777508807129205469e+13
1.110000000000000000e+05	3.590661955620153906e+13
1.111500000000000000e+05	3.508563838745985938e+13
1.113000000000000000e+05	3.600444350301685156e+13
1.114500000000000000e+05	3.690180193823266406e+13
1.116000000000000000e+05	3.539923064800167969e+13
1.117500000000000000e+05	3.147056583689714453e+13
1.119000000000000000e+05	2.654043426108203516e+13
1.120500000000000000e+05	2.138098468836933203e+13
1.122000000000000000e+05	1.724427946661427539e+13
1.123500000000000000e+05	1.556088344754346289e+13
1.125000000000000000e+05	1.597003534428894141e+13
1.126500000000000000e+05	1.699291590282211719e+13
1.128000000000000000e+05	1.763044194702769922e+13
1.129500000000000000e+05	1.759180982509912109e+13
1.131000000000000000e+05	1.704904196774221094e+13
1.132500000000000000e+05	1.644047874654039844e+13
1.134000000000000000e+05	1.630234176915465820e+13
1.135500000000000000e+05	1.703811096786060742e+13
1.137000000000000000e+05	1.872345671242634375e+13
1.138500000000000000e+05	2.103496826348223438e+13
1.140000000000000000e+05	2.334198644873437891e+13
1.141500000000000000e+05	2.494618079797917188e+13
1.143000000000000000e+05	2.541392900591699609e+13
1.144500000000000000e+05	2.487460103549655859e+13
1.146000000000000000e+05	2.406249609851343359e+13
1.147500000000000000e+05	2.391701859869623047e+13
1.149000000000000000e+05	2.487123796832135547e+13
1.150500000000000000e+05	2.639882951597774219e+13
1.152000000000000000e+05	2.745620364186075391e+13
1.153500000000000000e+05	2.766878217590880469e+13
1.155000000000000000e+05	2.786085658453201172e+13
1.156500000000000000e+05	2.873734316883910547e+13
1.158000000000000000e+05	2.927281112474519141e+13
1.159500000000000000e+05	2.761756179024957422e+13
1.161000000000000000e+05	2.356940745965053125e+13
1.162500000000000000e+05	1.900292304516732031e+13
1.164000000000000000e+05	1.582921451187184961e+13
1.165500000000000000e+05	1.443514949188716211e+13
1.167000000000000000e+05	1.430112698764385352e+13
1.168500000000000000e+05	1.503169239034891406e+13
1.170000000000000000e+05	1.649054981223283984e+13
1.171500000000000000e+05	1.848214492414977344e+13
1.173000000000000000e+05	2.062331374557877344e+13
1.174500000000000000e+05	2.243419985005891406e+13
1.176000000000000000e+05	2.352811094225619531e+13
1.177500000000000000e+05	2.379297167058697266e+13
1.179000000000000000e+05	2.347668503643144922e+13
1.180500000000000000e+05	2.311816942619322656e+13
1.182000000000000000e+05	2.331501480643758203e+13
1.183500000000000000e+05	2.439939409852530859e+13
1.185000000000000000e+05	2.619147781263232422e+13
1.186500000000000000e+05	2.803734270592476172e+13
1.188000000000000000e+05	2.922469023371423438e+13
1.189500000000000000e+05	2.957979568906982031e+13
1.191000000000000000e+05	2.972645744197732422e+13
1.192500000000000000e+05	3.052914766670183984e+13
1.194000000000000000e+05	3.202166806725852734e+13
1.195500000000000000e+05	3.304183118874183594e+13
1.197000000000000000e+05	3.214242028958082031e+13
1.198500000000000000e+05	2.860717155095882031e+13
1.200000000000000000e+05	2.285026983408300000e+13
1.201500000000000000e+05	1.672941050069442578e+13
1.203000000000000000e+05	1.258373406878745508e+13
1.204500000000000000e+05	1.119746698466413281e+13
1.206000000000000000e+05	1.158424841582419727e+13
1.207500000000000000e+05	1.248694810070382031e+13
1.209000000000000000e+05	1.316536160852459961e+13
1.210500000000000000e+05	1.333599814497080469e+13
1.212000000000000000e+05	1.303935865968917969e+13
1.213500000000000000e+05	1.255444979519519141e+13
1.215000000000000000e+05	1.230634756964345312e+13
1.216500000000000000e+05	1.270032310190104688e+13
1.218000000000000000e+05	1.393724728618756641e+13
1.219500000000000000e+05	1.587604791110039844e+13
1.221000000000000000e+05	1.802607728090385156e+13
1.222500000000000000e+05	1.973248825048727344e+13
1.224000000000000000e+05	2.052147496318333203e+13
1.225500000000000000e+05	2.042097121960784375e+13
1.227000000000000000e+05	1.999264275363067969e+13
1.228500000000000000e+05	1.994439714902965625e+13
1.230000000000000000e+05	2.054403542840489062e+13
1.231500000000000000e+05	2.138077092881134375e+13
1.233000000000000000e+05	2.186837655036050781e+13
1.234500000000000000e+05	2.203119198572673438e+13
1.236000000000000000e+05	2.242698616343519922e+13
1.237500000000000000e+05	2.305500790886123438e+13
1.239000000000000000e+05	2.292100836786422266e+13
1.240500000000000000e+05	2.123261963336135547e+13
1.242000000000000000e+05	1.852906512661005859e+13
1.243500000000000000e+05	1.608414847487727344e+13
1.245000000000000000e+05	1.455618762296575977e+13
1.246500000000000000e+05	1.375697419176494531e+13
1.248000000000000000e+05	1.336464000617076172e+13
1.249500000000000000e+05	1.334932329872347852e+13
1.251000000000000000e+05	1.380670776011679492e+13
1.252500000000000000e+05	1.474542324987620898e+13
1.254000000000000000e+05	1.599066485956059766e+13
1.255500000000000000e+05	1.722197500539875781e+13
1.257000000000000000e+05	1.809506690009164453e+13
1.258500000000000000e+05	1.840006456620319922e+13
1.260000000000000000e+05	1.819034340702266406e+13
1.261500000000000000e+05	1.780330626230566016e+13
1.263000000000000000e+05	1.772003690270061328e+13
1.264500000000000000e+05	1.829512044589282812e+13
1.266000000000000000e+05	1.950532270090740625e+13
1.267500000000000000e+05	2.092904993967316016e+13
1.269000000000000000e+05	2.206196093358343750e+13
1.270500000000000000e+05	2.276931479223041406e+13
1.272000000000000000e+05	2.340018714847050391e+13
1.273500000000000000e+05	2.428932827023777344e+13
1.275000000000000000e+05	2.512522670428576172e+13
1.276500000000000000e+05	2.502478346802705078e+13
1.278000000000000000e+05	2.328193725705023047e+13
1.279500000000000000e+05	1.995736679356705859e+13
1.281000000000000000e+05	1.598494372804903516e+13
1.282500000000000000e+05	1.274389549624451953e+13
1.284000000000000000e+05	1.108678936298997852e+13
1.285500000000000000e+05	1.078377645070011914e+13
1.287000000000000000e+05	1.101826929845334180e+13
1.288500000000000000e+05	1.122189797169724219e+13
1.290000000000000000e+05	1.130397655564661914e+13
1.291500000000000000e+05	1.132571464051889062e+13
1.293000000000000000e+05	1.124291261493554883e+13
1.294500000000000000e+05	1.105462602764517773e+13
1.296000000000000000e+05	1.094908620229544531e+13
1.297500000000000000e+05	1.123110475193211719e+13
1.299000000000000000e+05	1.212862456528449805e+13
1.300500000000000000e+05	1.360517426321561328e+13
1.302000000000000000e+05	1.532395248747172070e+13
1.303500000000000000e+05	1.679093993254043164e+13
1.305000000000000000e+05	1.763682847143462500e+13
1.306500000000000000e+05	1.786179986818526953e+13
1.308000000000000000e+05	1.783195940789832812e+13
1.309500000000000000e+05	1.796148584716397266e+13
1.311000000000000000e+05	1.831735126454872266e+13
1.312500000000000000e+05	1.857768570660084766e+13
1.314000000000000000e+05	1.847416376301438281e+13
1.315500000000000000e+05	1.816357569928505859e+13
1.317000000000000000e+05	1.790197081158080859e+13
1.318500000000000000e+05	1.745665359763440039e+13
1.320000000000000000e+05	1.630304403373806445e+13
1.321500000000000000e+05	1.443109373130986914e+13
1.323000000000000000e+05	1.251545357879203516e+13
1.324500000000000000e+05	1.116316274020530664e+13
1.326000000000000000e+05	1.038770556006542578e+13
1.327500000000000000e+05	9.885475037729041016e+12
1.329000000000000000e+05	9.494812643898705078e+12
1.330500000000000000e+05	9.311317083508955078e+12
1.332000000000000000e+05	9.514372147919166016e+12
1.333500000000000000e+05	1.021675754630442383e+13
1.335000000000000000e+05	1.136687451637349414e+13
1.336500000000000000e+05	1.273562955065905664e+13
1.338000000000000000e+05	1.399021440469325391e+13
1.339500000000000000e+05	1.483846396523394727e+13
1.341000000000000000e+05	1.518259509922411914e+13
1.342500000000000000e+05	1.518793551503455664e+13
1.344000000000000000e+05	1.519376311006473828e+13
1.345500000000000000e+05	1.548753885143898242e+13
1.347000000000000000e+05	1.608978422264127539e+13
1.348500000000000000e+05	1.674647848853145898e+13
1.350000000000000000e+05	1.718838730299306445e+13
1.351500000000000000e+05	1.743023097084226758e+13
1.353000000000000000e+05	1.773918354662986719e+13
1.354500000000000000e+05	1.821992226127026172e+13
1.356000000000000000e+05	1.849923134578100000e+13
1.357500000000000000e+05	1.795938778014870312e+13
1.359000000000000000e+05	1.629935052882289258e+13
1.360500000000000000e+05	1.387130932772600391e+13
1.362000000000000000e+05	1.151498497485053320e+13
1.363500000000000000e+05	9.993152969143632812e+12
1.365000000000000000e+05	9.553724535169250000e+12
1.366500000000000000e+05	9.963344868137207031e+12
1.368000000000000000e+05	1.078779270626201172e+13
1.369500000000000000e+05	1.157026251239981055e+13
1.371000000000000000e+05	1.195741069953546094e+13
1.372500000000000000e+05	1.184405806304019336e+13
1.374000000000000000e+05	1.138840371484763867e+13
1.375500000000000000e+05	1.084132713367142969e+13
1.377000000000000000e+05	1.042186928359910156e+13
1.378500000000000000e+05	1.029125993850609766e+13
1.380000000000000000e+05	1.057236476319321289e+13
1.381500000000000000e+05	1.126444390277871094e+13
1.383000000000000000e+05	1.217948520446914453e+13
1.384500000000000000e+05	1.301252271262844922e+13
1.386000000000000000e+05	1.353108611693456055e+13
1.387500000000000000e+05	1.374044026227795898e+13
1.389000000000000000e+05	1.385767321265476562e+13
1.390500000000000000e+05	1.407424549360887695e+13
1.392000000000000000e+05	1.433165828007699414e+13
1.393500000000000000e+05	1.439228360533667383e+13
1.395000000000000000e+05	1.414253537190615625e+13
1.396500000000000000e+05	1.368814494135216992e+13
1.398000000000000000e+05	1.307601789337974219e+13
1.399500000000000000e+05	1.213518613421956055e+13
1.401000000000000000e+05	1.079670552007826562e+13
1.402500000000000000e+05	9.398747320379238281e+12
1.404000000000000000e+05	8.426304666126232422e+12
1.405500000000000000e+05	8.028754741261247070e+12
1.407000000000000000e+05	7.976706360897153320e+12
1.408500000000000000e+05	7.979529451655648438e+12
1.410000000000000000e+05	7.931957696674286133e+12
1.411500000000000000e+05	7.923560539557201172e+12
1.413000000000000000e+05	8.130944319286014648e+12
1.414500000000000000e+05	8.695181393372223633e+12
1.416000000000000000e+05	9.636578371918525391e+12
1.417500000000000000e+05	1.080379251030838672e+13
1.419000000000000000e+05	1.192814858830479883e+13
1.420500000000000000e+05	1.274327897701770117e+13
1.422000000000000000e+05	1.312532423825186914e+13
1.423500000000000000e+05	1.316139827924738477e+13
1.425000000000000000e+05	1.308244227457798047e+13
1.426500000000000000e+05	1.308859059470106055e+13
1.428000000000000000e+05	1.320073278209458789e+13
1.429500000000000000e+05	1.328555458733630273e+13
1.431000000000000000e+05	1.325194803287601367e+13
1.432500000000000000e+05	1.320217550669485938e+13
1.434000000000000000e+05	1.331400679163202734e+13
1.435500000000000000e+05	1.354889304281681445e+13
1.437000000000000000e+05	1.356059272002845898e+13
1.438500000000000000e+05	1.297533366445870898e+13
1.440000000000000000e+05	1.176064128306382227e+13
1.441500000000000000e+05	1.029213810468870508e+13
1.443000000000000000e+05	9.059979555161964844e+12
1.444500000000000000e+05	8.328671487311812500e+12
1.446000000000000000e+05	8.088761193558075195e+12
1.447500000000000000e+05	8.214519150363552734e+12
1.449000000000000000e+05	8.588031131155260742e+12
1.450500000000000000e+05	9.101648423387919922e+12
1.452000000000000000e+05	9.632666074025201172e+12
1.453500000000000000e+05	1.005361766658890625e+13
1.455000000000000000e+05	1.026110417912919336e+13
1.456500000000000000e+05	1.019721599731039062e+13
1.458000000000000000e+05	9.877231770912740234e+12
1.459500000000000000e+05	9.438833731244787109e+12
1.461000000000000000e+05	9.107128249538015625e+12
1.462500000000000000e+05	9.065096188916308594e+12
1.464000000000000000e+05	9.303601251960830078e+12
1.465500000000000000e+05	9.649248170798578125e+12
1.467000000000000000e+05	9.939918874747949219e+12
1.468500000000000000e+05	1.016823771130095117e+13
1.470000000000000000e+05	1.044557989800042773e+13
1.471500000000000000e+05	1.082770369871190430e+13
1.473000000000000000e+05	1.120528199857138281e+13
1.474500000000000000e+05	1.139870671719548047e+13
1.476000000000000000e+05	1.131988268048108008e+13
1.477500000000000000e+05	1.096338833799750000e+13
1.479000000000000000e+05	1.029249323582175000e+13
1.480500000000000000e+05	9.300349952975519531e+12
1.482000000000000000e+05	8.187715298454976562e+12
1.483500000000000000e+05	7.332117125570737305e+12
1.485000000000000000e+05	6.977283323296103516e+12
1.486500000000000000e+05	7.050405605183342773e+12
1.488000000000000000e+05	7.284488484779218750e+12
1.489500000000000000e+05	7.445628430655289062e+12
1.491000000000000000e+05	7.450999498897345703e+12
1.492500000000000000e+05	7.363795049420387695e+12
1.494000000000000000e+05	7.329672902951769531e+12
1.495500000000000000e+05	7.492530770950277344e+12
1.497000000000000000e+05	7.914123049653108398e+12
1.498500000000000000e+05	8.531134876066275391e+12
1.500000000000000000e+05	9.178792198309470703e+12
