#C >>>>>>>>>>>>>>>>>>>>>>>>>>>>>>>>>>>>>>>>>>>>>>>>>>>>>>>>>>>>
#C [SECTION REPORT PULSE HEIGHT SPECTRUM]
#C 
#C For plotting purposes, two energies per bin are given,
#C namely, the low end and the middle point of each bin
#C 
#S 1 Data sets for histograms
#N 8
#L  Elow [eV]  Emiddle [eV]  Source [1/eV]  2sigmaSource  Si [1/eV]  2sigmaSi  Up [1/eV]  2sigmaUp  
  1.00000E+00  7.51370E+02  0.00000E+00  0.0E+00  1.94238E-05  7.1E-07  1.89906E-06  2.2E-07
  1.50174E+03  2.25211E+03  0.00000E+00  0.0E+00  3.75282E-05  9.7E-07  1.08613E-05  5.3E-07
  3.00248E+03  3.75285E+03  4.48445E-06  3.4E-07  2.78663E-05  8.4E-07  1.13211E-05  5.4E-07
  4.50322E+03  5.25359E+03  2.86525E-07  8.7E-08  1.96237E-05  7.1E-07  1.26471E-05  5.8E-07
  6.00396E+03  6.75433E+03  1.08566E-04  1.6E-06  9.09485E-05  1.4E-06  7.32305E-06  4.4E-07
  7.50470E+03  8.25507E+03  2.02433E-05  7.2E-07  2.37616E-05  7.8E-07  3.67819E-06  3.1E-07
  9.00544E+03  9.75581E+03  2.19892E-07  7.7E-08  7.18312E-06  4.4E-07  5.32404E-06  3.8E-07
  1.05062E+04  1.12566E+04  2.26555E-07  7.8E-08  6.73001E-06  4.2E-07  5.12414E-06  3.7E-07
  1.20069E+04  1.27573E+04  5.27073E-05  1.1E-06  4.78297E-05  1.1E-06  3.64487E-06  3.1E-07
  1.35077E+04  1.42580E+04  4.09598E-05  1.0E-06  3.71750E-05  9.7E-07  3.69151E-06  3.1E-07
  1.50084E+04  1.57588E+04  5.57725E-06  3.8E-07  7.84280E-06  4.5E-07  2.01234E-06  2.3E-07
  1.65091E+04  1.72595E+04  3.29504E-05  9.1E-07  3.01585E-05  8.8E-07  2.91190E-06  2.8E-07
  1.80099E+04  1.87602E+04  1.13277E-07  5.5E-08  2.60538E-06  2.6E-07  2.51876E-06  2.6E-07
  1.95106E+04  2.02610E+04  1.49393E-05  6.2E-07  1.46861E-05  6.2E-07  2.55874E-06  2.6E-07
  2.10114E+04  2.17617E+04  5.77249E-05  1.2E-06  5.02419E-05  1.1E-06  2.83860E-06  2.7E-07
  2.25121E+04  2.32625E+04  1.39931E-07  6.1E-08  1.75913E-06  2.2E-07  1.65252E-06  2.1E-07
  2.40128E+04  2.47632E+04  2.21957E-05  7.6E-07  1.95970E-05  7.1E-07  2.81861E-06  2.7E-07
  2.55136E+04  2.62640E+04  5.11748E-06  3.7E-07  5.41733E-06  3.8E-07  2.46545E-06  2.6E-07
  2.70143E+04  2.77647E+04  4.28855E-05  1.0E-06  3.67285E-05  9.6E-07  3.28505E-06  3.0E-07
  2.85151E+04  2.92654E+04  2.16893E-05  7.5E-07  1.88774E-05  7.0E-07  1.82577E-06  2.2E-07
  3.00158E+04  3.07662E+04  2.73199E-07  8.5E-08  8.92893E-07  1.5E-07  1.55923E-06  2.0E-07
  3.15165E+04  3.22669E+04  1.95237E-06  2.3E-07  2.27888E-06  2.5E-07  1.68583E-06  2.1E-07
  3.30173E+04  3.37677E+04  2.33018E-05  7.7E-07  1.90439E-05  7.0E-07  2.87858E-06  2.8E-07
  3.45180E+04  3.52684E+04  1.61654E-05  6.5E-07  1.32068E-05  5.9E-07  2.18559E-06  2.4E-07
  3.60188E+04  3.67691E+04  3.69151E-06  3.1E-07  3.31836E-06  3.0E-07  1.89240E-06  2.2E-07
  3.75195E+04  3.82699E+04  1.20274E-05  5.6E-07  9.74852E-06  5.1E-07  2.19225E-06  2.4E-07
  3.90202E+04  3.97706E+04  6.19694E-07  1.3E-07  7.32972E-07  1.4E-07  1.76580E-06  2.2E-07
  4.05210E+04  4.12714E+04  1.34001E-05  5.9E-07  9.92844E-06  5.1E-07  2.90523E-06  2.8E-07
  4.20217E+04  4.27721E+04  1.83909E-05  6.9E-07  1.32801E-05  5.9E-07  2.65869E-06  2.7E-07
  4.35225E+04  4.42728E+04  5.26407E-07  1.2E-07  6.19694E-07  1.3E-07  1.57922E-06  2.0E-07
  4.50232E+04  4.57736E+04  6.37685E-06  4.1E-07  4.49778E-06  3.5E-07  2.29887E-06  2.5E-07
  4.65239E+04  4.72743E+04  8.54245E-06  4.7E-07  6.11032E-06  4.0E-07  2.45212E-06  2.6E-07
  4.80247E+04  4.87751E+04  9.70854E-06  5.0E-07  6.46348E-06  4.1E-07  2.39882E-06  2.5E-07
  4.95254E+04  5.02758E+04  1.18275E-05  5.6E-07  7.52296E-06  4.5E-07  2.30553E-06  2.5E-07
  5.10262E+04  5.17765E+04  1.68583E-06  2.1E-07  1.17275E-06  1.8E-07  1.59921E-06  2.1E-07
  5.25269E+04  5.32773E+04  3.31836E-06  3.0E-07  1.98569E-06  2.3E-07  1.83909E-06  2.2E-07
  5.40276E+04  5.47780E+04  8.44250E-06  4.7E-07  4.81762E-06  3.6E-07  2.07231E-06  2.3E-07
  5.55284E+04  5.62788E+04  8.46916E-06  4.7E-07  4.69768E-06  3.5E-07  1.75913E-06  2.2E-07
  5.70291E+04  5.77795E+04  1.68583E-06  2.1E-07  9.12883E-07  1.6E-07  1.60587E-06  2.1E-07
  5.85299E+04  5.92802E+04  5.25741E-06  3.7E-07  2.77863E-06  2.7E-07  1.77246E-06  2.2E-07
  6.00306E+04  6.07810E+04  4.66437E-07  1.1E-07  3.13179E-07  9.1E-08  1.46594E-06  2.0E-07
  6.15313E+04  6.22817E+04  6.43682E-06  4.1E-07  2.91190E-06  2.8E-07  1.96570E-06  2.3E-07
  6.30321E+04  6.37825E+04  7.79615E-06  4.5E-07  3.58490E-06  3.1E-07  1.65918E-06  2.1E-07
  6.45328E+04  6.52832E+04  7.79615E-07  1.4E-07  3.39832E-07  9.5E-08  1.47261E-06  2.0E-07
  6.60336E+04  6.67839E+04  2.47211E-06  2.6E-07  9.99507E-07  1.6E-07  1.47261E-06  2.0E-07
  6.75343E+04  6.82847E+04  4.67103E-06  3.5E-07  1.96570E-06  2.3E-07  1.26604E-06  1.8E-07
  6.90350E+04  6.97854E+04  2.69201E-06  2.7E-07  1.07280E-06  1.7E-07  1.19941E-06  1.8E-07
  7.05358E+04  7.12861E+04  4.85760E-06  3.6E-07  1.87241E-06  2.2E-07  1.33934E-06  1.9E-07
  7.20365E+04  7.27869E+04  1.87907E-06  2.2E-07  6.86328E-07  1.4E-07  1.13277E-06  1.7E-07
  7.35373E+04  7.42876E+04  1.75247E-06  2.2E-07  5.93041E-07  1.3E-07  1.05281E-06  1.7E-07
  7.50380E+04  7.57884E+04  3.06515E-06  2.9E-07  1.00617E-06  1.6E-07  1.00617E-06  1.6E-07
  7.65387E+04  7.72891E+04  3.73149E-06  3.1E-07  1.24605E-06  1.8E-07  1.08613E-06  1.7E-07
  7.80395E+04  7.87898E+04  1.50592E-06  2.0E-07  3.73149E-07  1.0E-07  8.06269E-07  1.5E-07
  7.95402E+04  8.02906E+04  2.48544E-06  2.6E-07  7.79615E-07  1.4E-07  8.26259E-07  1.5E-07
  8.10410E+04  8.17913E+04  8.99556E-07  1.5E-07  2.53208E-07  8.2E-08  6.79665E-07  1.3E-07
  8.25417E+04  8.32921E+04  2.31219E-06  2.5E-07  5.66387E-07  1.2E-07  8.19596E-07  1.5E-07
  8.40424E+04  8.47928E+04  3.43830E-06  3.0E-07  8.86229E-07  1.5E-07  7.99606E-07  1.5E-07
  8.55432E+04  8.62936E+04  4.59773E-07  1.1E-07  1.06614E-07  5.3E-08  5.46397E-07  1.2E-07
  8.70439E+04  8.77943E+04  1.17275E-06  1.8E-07  2.79862E-07  8.6E-08  6.53011E-07  1.3E-07
  8.85447E+04  8.92950E+04  2.03899E-06  2.3E-07  5.53060E-07  1.2E-07  5.73051E-07  1.2E-07
  9.00454E+04  9.07958E+04  1.21940E-06  1.8E-07  3.39832E-07  9.5E-08  5.06417E-07  1.2E-07
  9.15461E+04  9.22965E+04  1.97902E-06  2.3E-07  4.13130E-07  1.0E-07  4.73100E-07  1.1E-07
  9.30469E+04  9.37972E+04  1.23939E-06  1.8E-07  2.59872E-07  8.3E-08  4.13130E-07  1.0E-07
  9.45476E+04  9.52980E+04  8.32922E-07  1.5E-07  1.59921E-07  6.5E-08  5.13080E-07  1.2E-07
  9.60484E+04  9.67987E+04  1.30602E-06  1.9E-07  2.59872E-07  8.3E-08  4.13130E-07  1.0E-07
  9.75491E+04  9.82995E+04  1.37266E-06  1.9E-07  2.99852E-07  8.9E-08  3.86476E-07  1.0E-07
  9.90498E+04  9.98002E+04  1.03282E-06  1.7E-07  1.59921E-07  6.5E-08  2.46545E-07  8.1E-08
  1.00551E+05  1.01301E+05  9.86180E-07  1.6E-07  1.79911E-07  6.9E-08  2.99852E-07  8.9E-08
  1.02051E+05  1.02802E+05  6.26358E-07  1.3E-07  7.99606E-08  4.6E-08  2.39882E-07  8.0E-08
  1.03552E+05  1.04302E+05  8.39586E-07  1.5E-07  1.93238E-07  7.2E-08  2.79862E-07  8.6E-08
  1.05053E+05  1.05803E+05  1.73248E-06  2.1E-07  2.13228E-07  7.5E-08  2.73199E-07  8.5E-08
  1.06554E+05  1.07304E+05  3.86476E-07  1.0E-07  1.06614E-07  5.3E-08  2.46545E-07  8.1E-08
  1.08054E+05  1.08805E+05  5.26407E-07  1.2E-07  7.32972E-08  4.4E-08  2.66535E-07  8.4E-08
  1.09555E+05  1.10305E+05  7.66289E-07  1.4E-07  9.99507E-08  5.2E-08  2.39882E-07  8.0E-08
  1.11056E+05  1.11806E+05  5.79714E-07  1.2E-07  4.66437E-08  3.5E-08  1.46594E-07  6.3E-08
  1.12556E+05  1.13307E+05  9.79517E-07  1.6E-07  1.39931E-07  6.1E-08  2.06565E-07  7.4E-08
  1.14057E+05  1.14808E+05  6.46348E-07  1.3E-07  5.99704E-08  4.0E-08  1.73248E-07  6.8E-08
  1.15558E+05  1.16308E+05  3.53159E-07  9.7E-08  1.33268E-08  1.9E-08  1.53258E-07  6.4E-08
  1.17059E+05  1.17809E+05  5.39734E-07  1.2E-07  6.66338E-08  4.2E-08  8.66239E-08  4.8E-08
  1.18559E+05  1.19310E+05  6.79665E-07  1.3E-07  1.13277E-07  5.5E-08  8.66239E-08  4.8E-08
  1.20060E+05  1.20811E+05  4.99753E-07  1.2E-07  4.66437E-08  3.5E-08  1.13277E-07  5.5E-08
  1.21561E+05  1.22311E+05  3.53159E-07  9.7E-08  1.99901E-08  2.3E-08  1.26604E-07  5.8E-08
  1.23062E+05  1.23812E+05  4.26456E-07  1.1E-07  5.33070E-08  3.8E-08  7.32972E-08  4.4E-08
  1.24562E+05  1.25313E+05  2.86525E-07  8.7E-08  5.99704E-08  4.0E-08  7.32972E-08  4.4E-08
  1.26063E+05  1.26814E+05  6.19694E-07  1.3E-07  5.99704E-08  4.0E-08  3.99803E-08  3.3E-08
  1.27564E+05  1.28314E+05  3.93139E-07  1.0E-07  3.99803E-08  3.3E-08  6.66338E-08  4.2E-08
  1.29065E+05  1.29815E+05  2.79862E-07  8.6E-08  3.33169E-08  3.0E-08  5.99704E-08  4.0E-08
  1.30565E+05  1.31316E+05  3.86476E-07  1.0E-07  3.33169E-08  3.0E-08  5.33070E-08  3.8E-08
  1.32066E+05  1.32816E+05  2.99852E-07  8.9E-08  3.33169E-08  3.0E-08  3.99803E-08  3.3E-08
  1.33567E+05  1.34317E+05  4.06466E-07  1.0E-07  5.99704E-08  4.0E-08  5.99704E-08  4.0E-08
  1.35068E+05  1.35818E+05  2.73199E-07  8.5E-08  6.66338E-09  1.3E-08  5.33070E-08  3.8E-08
  1.36568E+05  1.37319E+05  9.32873E-08  5.0E-08  1.33268E-08  1.9E-08  1.99901E-08  2.3E-08
  1.38069E+05  1.38819E+05  2.53208E-07  8.2E-08  1.33268E-08  1.9E-08  3.33169E-08  3.0E-08
  1.39570E+05  1.40320E+05  3.46496E-07  9.6E-08  1.33268E-08  1.9E-08  1.99901E-08  2.3E-08
  1.41071E+05  1.41821E+05  2.33218E-07  7.9E-08  3.33169E-08  3.0E-08  3.33169E-08  3.0E-08
  1.42571E+05  1.43322E+05  2.06565E-07  7.4E-08  1.99901E-08  2.3E-08  1.33268E-08  1.9E-08
  1.44072E+05  1.44822E+05  2.06565E-07  7.4E-08  6.66338E-09  1.3E-08  1.99901E-08  2.3E-08
  1.45573E+05  1.46323E+05  1.13277E-07  5.5E-08  1.33268E-08  1.9E-08  6.66338E-09  1.3E-08
  1.47074E+05  1.47824E+05  1.99901E-07  7.3E-08  6.66338E-09  1.3E-08  1.33268E-08  1.9E-08
  1.48574E+05  1.49325E+05  2.33218E-07  7.9E-08  1.99901E-08  2.3E-08  0.00000E+00  0.0E+00
  1.50075E+05  1.50825E+05  0.00000E+00  0.0E+00  0.00000E+00  0.0E+00  0.00000E+00  0.0E+00
#C 
#C Performance report
#C CPU time [t] (s):
#C 6.09664E+01
#C Speed (histories/s):
#C 1.64025E+03
#C 
#C Have a nice day.
