          30         200
     -15.9250     -15.7649     -15.6049     -15.4448     -15.2848     -15.1247
     -14.9647     -14.8046     -14.6446     -14.4845     -14.3245     -14.1644
     -14.0044     -13.8443     -13.6843     -13.5242     -13.3642     -13.2041
     -13.0441     -12.8840     -12.7240     -12.5639     -12.4039     -12.2438
     -12.0838     -11.9237     -11.7637     -11.6036     -11.4436     -11.2835
     -11.1235     -10.9634     -10.8034     -10.6433     -10.4833     -10.3232
     -10.1632     -10.0031     -9.84309     -9.68304     -9.52299     -9.36294
     -9.20289     -9.04284     -8.88279     -8.72274     -8.56269     -8.40264
     -8.24259     -8.08254     -7.92249     -7.76244     -7.60239     -7.44234
     -7.28229     -7.12224     -6.96219     -6.80214     -6.64209     -6.48204
     -6.32199     -6.16193     -6.00188     -5.84183     -5.68178     -5.52173
     -5.36168     -5.20163     -5.04158     -4.88153     -4.72148     -4.56143
     -4.40138     -4.24133     -4.08128     -3.92123     -3.76118     -3.60113
     -3.44108     -3.28103     -3.12098     -2.96093     -2.80088     -2.64083
     -2.48078     -2.32073     -2.16068     -2.00063     -1.84058     -1.68053
     -1.52048     -1.36043     -1.20038     -1.04033    -0.880276    -0.720226
    -0.560176    -0.400126    -0.240075   -0.0800251    0.0800251     0.240075
     0.400126     0.560176     0.720226     0.880276      1.04033      1.20038
      1.36043      1.52048      1.68053      1.84058      2.00063      2.16068
      2.32073      2.48078      2.64083      2.80088      2.96093      3.12098
      3.28103      3.44108      3.60113      3.76118      3.92123      4.08128
      4.24133      4.40138      4.56143      4.72148      4.88153      5.04158
      5.20163      5.36168      5.52173      5.68178      5.84183      6.00188
      6.16193      6.32199      6.48204      6.64209      6.80214      6.96219
      7.12224      7.28229      7.44234      7.60239      7.76244      7.92249
      8.08254      8.24259      8.40264      8.56269      8.72274      8.88279
      9.04284      9.20289      9.36294      9.52299      9.68304      9.84309
      10.0031      10.1632      10.3232      10.4833      10.6433      10.8034
      10.9634      11.1235      11.2835      11.4436      11.6036      11.7637
      11.9237      12.0838      12.2438      12.4039      12.5639      12.7240
      12.8840      13.0441      13.2041      13.3642      13.5242      13.6843
      13.8443      14.0044      14.1644      14.3245      14.4845      14.6446
      14.8046      14.9647      15.1247      15.2848      15.4448      15.6049
      15.7649      15.9250
   -0.0864500 -2.13314e-05
 -2.06591e-05
 -2.01841e-05
 -1.97646e-05
 -1.92648e-05
 -1.87322e-05
 -1.82457e-05
 -1.77455e-05
 -1.71868e-05
 -1.66870e-05
 -1.63368e-05
 -1.60558e-05
 -1.57325e-05
 -1.53502e-05
 -1.49746e-05
 -1.46649e-05
 -1.43704e-05
 -1.39978e-05
 -1.35565e-05
 -1.31075e-05
 -1.27238e-05
 -1.24534e-05
 -1.22106e-05
 -1.18856e-05
 -1.15214e-05
 -1.12118e-05
 -1.09557e-05
 -1.06678e-05
 -1.03081e-05
 -9.94521e-06
 -9.62155e-06
 -9.31134e-06
 -8.98781e-06
 -8.69885e-06
 -8.53371e-06
 -8.46123e-06
 -8.34653e-06
 -8.13477e-06
 -7.83407e-06
 -7.47697e-06
 -7.13985e-06
 -6.84075e-06
 -6.55751e-06
 -6.30739e-06
 -6.08299e-06
 -5.85044e-06
 -5.60788e-06
 -5.38112e-06
 -5.20249e-06
 -5.05999e-06
 -4.89246e-06
 -4.65996e-06
 -4.39419e-06
 -4.16901e-06
 -3.99294e-06
 -3.80462e-06
 -3.59270e-06
 -3.37007e-06
 -3.14288e-06
 -2.95382e-06
 -2.78554e-06
 -2.57518e-06
 -2.33421e-06
 -2.10350e-06
 -1.92582e-06
 -1.82747e-06
 -1.76715e-06
 -1.69388e-06
 -1.60264e-06
 -1.49138e-06
 -1.35922e-06
 -1.21854e-06
 -1.10200e-06
 -1.00643e-06
 -8.88017e-07
 -7.50758e-07
 -6.34001e-07
 -5.67767e-07
 -5.66622e-07
 -5.49462e-07
 -4.08969e-07
 -1.98212e-07
 -3.95252e-08
  1.06750e-08
  5.16110e-09
  6.76270e-08
  2.10824e-07
  3.01653e-07
  2.80204e-07
  2.43391e-07
  3.01344e-07
  4.39211e-07
  5.48441e-07
  5.65968e-07
  5.13262e-07
  4.79503e-07
  5.29675e-07
  5.93649e-07
  5.58082e-07
  4.02087e-07
  1.97274e-07
  8.73607e-08
  1.38108e-07
  2.47160e-07
  3.25651e-07
  3.63754e-07
  3.58122e-07
  3.25378e-07
  2.87598e-07
  2.32623e-07
  1.48699e-07
  5.24266e-08
 -1.80695e-08
 -6.80108e-08
 -1.37085e-07
 -2.21204e-07
 -2.89027e-07
 -3.29592e-07
 -3.82143e-07
 -4.96103e-07
 -6.11338e-07
 -6.49930e-07
 -6.85426e-07
 -7.76365e-07
 -8.77964e-07
 -9.62771e-07
 -1.03881e-06
 -1.11332e-06
 -1.19131e-06
 -1.30096e-06
 -1.50935e-06
 -1.80919e-06
 -2.06140e-06
 -2.18456e-06
 -2.26827e-06
 -2.42952e-06
 -2.61417e-06
 -2.71385e-06
 -2.79370e-06
 -2.95732e-06
 -3.15630e-06
 -3.32550e-06
 -3.47993e-06
 -3.67275e-06
 -3.91278e-06
 -4.10647e-06
 -4.21237e-06
 -4.30767e-06
 -4.43541e-06
 -4.60547e-06
 -4.85613e-06
 -5.16969e-06
 -5.43818e-06
 -5.59608e-06
 -5.72620e-06
 -5.94071e-06
 -6.22615e-06
 -6.51401e-06
 -6.76666e-06
 -6.97683e-06
 -7.18059e-06
 -7.42184e-06
 -7.74735e-06
 -8.17469e-06
 -8.57334e-06
 -8.82159e-06
 -9.00799e-06
 -9.24924e-06
 -9.52415e-06
 -9.75588e-06
 -9.92115e-06
 -1.00884e-05
 -1.03492e-05
 -1.07187e-05
 -1.11477e-05
 -1.15435e-05
 -1.18580e-05
 -1.21251e-05
 -1.23997e-05
 -1.27146e-05
 -1.30452e-05
 -1.33839e-05
 -1.37779e-05
 -1.41772e-05
 -1.44804e-05
 -1.47458e-05
 -1.50938e-05
 -1.55353e-05
 -1.59900e-05
 -1.63794e-05
 -1.67057e-05
 -1.70408e-05
 -1.74472e-05
 -1.79788e-05
 -1.86521e-05
 -1.93404e-05
 -1.98985e-05
 -2.04025e-05
 -2.10416e-05
 -2.18071e-05
   -0.0804879 -2.13959e-05
 -2.06529e-05
 -2.00588e-05
 -1.95959e-05
 -1.90998e-05
 -1.85418e-05
 -1.80532e-05
 -1.76424e-05
 -1.72219e-05
 -1.68193e-05
 -1.64596e-05
 -1.60806e-05
 -1.56605e-05
 -1.52230e-05
 -1.48055e-05
 -1.44438e-05
 -1.40861e-05
 -1.37038e-05
 -1.34065e-05
 -1.31902e-05
 -1.29362e-05
 -1.26197e-05
 -1.22350e-05
 -1.17728e-05
 -1.13231e-05
 -1.09744e-05
 -1.06979e-05
 -1.04122e-05
 -1.00922e-05
 -9.78326e-06
 -9.54642e-06
 -9.38287e-06
 -9.20544e-06
 -8.95907e-06
 -8.68650e-06
 -8.40126e-06
 -8.10193e-06
 -7.86115e-06
 -7.63167e-06
 -7.29925e-06
 -6.95355e-06
 -6.72402e-06
 -6.59723e-06
 -6.46929e-06
 -6.22447e-06
 -5.85986e-06
 -5.50187e-06
 -5.23860e-06
 -5.05745e-06
 -4.92747e-06
 -4.79762e-06
 -4.59612e-06
 -4.35792e-06
 -4.19387e-06
 -4.06613e-06
 -3.84384e-06
 -3.55821e-06
 -3.29939e-06
 -3.05031e-06
 -2.80440e-06
 -2.57276e-06
 -2.39875e-06
 -2.33015e-06
 -2.26085e-06
 -2.09504e-06
 -1.91648e-06
 -1.79273e-06
 -1.67572e-06
 -1.55747e-06
 -1.47222e-06
 -1.36985e-06
 -1.19715e-06
 -1.03031e-06
 -9.68030e-07
 -9.82083e-07
 -9.57326e-07
 -8.06316e-07
 -5.86091e-07
 -4.53591e-07
 -3.92499e-07
 -2.74290e-07
 -1.43869e-07
 -6.22025e-08
 -2.22016e-08
 -3.10567e-08
 -4.17945e-08
  2.31084e-08
  1.50015e-07
  2.81353e-07
  4.04584e-07
  5.21477e-07
  6.08621e-07
  6.28965e-07
  5.49537e-07
  4.10418e-07
  3.52030e-07
  4.22716e-07
  4.64684e-07
  3.77452e-07
  2.54362e-07
  1.88974e-07
  2.52193e-07
  4.23128e-07
  5.22626e-07
  4.69947e-07
  3.47994e-07
  2.45417e-07
  2.11559e-07
  2.32837e-07
  2.33407e-07
  1.93779e-07
  1.70086e-07
  1.56950e-07
  9.26536e-08
 -7.03238e-09
 -9.36543e-08
 -1.96828e-07
 -3.32044e-07
 -4.50711e-07
 -5.30072e-07
 -5.33610e-07
 -4.59483e-07
 -4.48245e-07
 -5.40668e-07
 -6.56117e-07
 -7.76594e-07
 -9.05204e-07
 -1.04150e-06
 -1.21269e-06
 -1.40681e-06
 -1.58449e-06
 -1.75330e-06
 -1.90803e-06
 -1.98951e-06
 -2.02230e-06
 -2.14104e-06
 -2.38471e-06
 -2.64486e-06
 -2.83635e-06
 -2.94328e-06
 -3.01961e-06
 -3.19260e-06
 -3.44378e-06
 -3.63163e-06
 -3.72484e-06
 -3.75485e-06
 -3.81869e-06
 -4.05516e-06
 -4.42919e-06
 -4.75814e-06
 -4.96722e-06
 -5.12226e-06
 -5.27853e-06
 -5.44520e-06
 -5.62131e-06
 -5.80401e-06
 -6.02101e-06
 -6.31287e-06
 -6.63687e-06
 -6.93186e-06
 -7.24391e-06
 -7.59210e-06
 -7.91893e-06
 -8.22276e-06
 -8.47258e-06
 -8.65867e-06
 -8.88235e-06
 -9.14294e-06
 -9.34384e-06
 -9.51298e-06
 -9.76555e-06
 -1.01327e-05
 -1.05394e-05
 -1.08864e-05
 -1.11544e-05
 -1.14227e-05
 -1.17463e-05
 -1.20690e-05
 -1.23491e-05
 -1.26624e-05
 -1.30391e-05
 -1.34290e-05
 -1.38233e-05
 -1.41689e-05
 -1.44172e-05
 -1.46947e-05
 -1.50848e-05
 -1.55102e-05
 -1.58944e-05
 -1.62389e-05
 -1.66297e-05
 -1.71458e-05
 -1.76955e-05
 -1.81767e-05
 -1.86893e-05
 -1.92923e-05
 -1.98623e-05
 -2.03620e-05
 -2.09304e-05
 -2.16487e-05
   -0.0745259 -2.15039e-05
 -2.08734e-05
 -2.02493e-05
 -1.96940e-05
 -1.91737e-05
 -1.86824e-05
 -1.82563e-05
 -1.77875e-05
 -1.71849e-05
 -1.65894e-05
 -1.61512e-05
 -1.58608e-05
 -1.56072e-05
 -1.52671e-05
 -1.48780e-05
 -1.45900e-05
 -1.43551e-05
 -1.40152e-05
 -1.35784e-05
 -1.31125e-05
 -1.26479e-05
 -1.22446e-05
 -1.18870e-05
 -1.14857e-05
 -1.11121e-05
 -1.08988e-05
 -1.07680e-05
 -1.05368e-05
 -1.01360e-05
 -9.66965e-06
 -9.34173e-06
 -9.18947e-06
 -8.99650e-06
 -8.68064e-06
 -8.39918e-06
 -8.18896e-06
 -7.95479e-06
 -7.72053e-06
 -7.51936e-06
 -7.28023e-06
 -6.97025e-06
 -6.62495e-06
 -6.31135e-06
 -6.08577e-06
 -5.88254e-06
 -5.61084e-06
 -5.37131e-06
 -5.25772e-06
 -5.15945e-06
 -5.00161e-06
 -4.82453e-06
 -4.59245e-06
 -4.27755e-06
 -3.97517e-06
 -3.74573e-06
 -3.58397e-06
 -3.45775e-06
 -3.28953e-06
 -3.06014e-06
 -2.85851e-06
 -2.68393e-06
 -2.48322e-06
 -2.32495e-06
 -2.23436e-06
 -2.11074e-06
 -1.93948e-06
 -1.78855e-06
 -1.66957e-06
 -1.59634e-06
 -1.54720e-06
 -1.41649e-06
 -1.20971e-06
 -1.05079e-06
 -9.58008e-07
 -8.79706e-07
 -7.97431e-07
 -6.84818e-07
 -5.81337e-07
 -5.77873e-07
 -6.06882e-07
 -5.29745e-07
 -3.84656e-07
 -2.46156e-07
 -1.12941e-07
  1.65346e-09
  1.18577e-07
  2.96719e-07
  4.58843e-07
  4.93239e-07
  4.46444e-07
  4.03244e-07
  4.01419e-07
  4.69959e-07
  5.47482e-07
  5.52835e-07
  5.50880e-07
  5.83180e-07
  5.66207e-07
  4.94738e-07
  4.42938e-07
  4.10776e-07
  4.10430e-07
  4.65669e-07
  5.03149e-07
  4.91701e-07
  4.95152e-07
  5.14819e-07
  5.20298e-07
  5.24696e-07
  4.78669e-07
  3.54579e-07
  2.46823e-07
  1.81241e-07
  8.85216e-08
 -1.33837e-08
 -8.16702e-08
 -1.16068e-07
 -7.71422e-08
 -2.24361e-09
 -4.46166e-08
 -2.24715e-07
 -4.10544e-07
 -5.44048e-07
 -6.13202e-07
 -6.34910e-07
 -7.05357e-07
 -8.56440e-07
 -1.01260e-06
 -1.16250e-06
 -1.31869e-06
 -1.44270e-06
 -1.58144e-06
 -1.79562e-06
 -2.00457e-06
 -2.15734e-06
 -2.30682e-06
 -2.43671e-06
 -2.52735e-06
 -2.65472e-06
 -2.85031e-06
 -3.07447e-06
 -3.30238e-06
 -3.48985e-06
 -3.64870e-06
 -3.87890e-06
 -4.14036e-06
 -4.29777e-06
 -4.38696e-06
 -4.51343e-06
 -4.64813e-06
 -4.77995e-06
 -4.95471e-06
 -5.16878e-06
 -5.43558e-06
 -5.76883e-06
 -6.08255e-06
 -6.32584e-06
 -6.55465e-06
 -6.79561e-06
 -7.06521e-06
 -7.36711e-06
 -7.61007e-06
 -7.78538e-06
 -8.06528e-06
 -8.46809e-06
 -8.79933e-06
 -8.99779e-06
 -9.15563e-06
 -9.32689e-06
 -9.54061e-06
 -9.81437e-06
 -1.01288e-05
 -1.04779e-05
 -1.07995e-05
 -1.10150e-05
 -1.12443e-05
 -1.16488e-05
 -1.21196e-05
 -1.24841e-05
 -1.27546e-05
 -1.29673e-05
 -1.31427e-05
 -1.33876e-05
 -1.37666e-05
 -1.42141e-05
 -1.46407e-05
 -1.49834e-05
 -1.52912e-05
 -1.57147e-05
 -1.62222e-05
 -1.66406e-05
 -1.69854e-05
 -1.73753e-05
 -1.78349e-05
 -1.83927e-05
 -1.90417e-05
 -1.96816e-05
 -2.02736e-05
 -2.08567e-05
 -2.14537e-05
   -0.0685638 -2.11734e-05
 -2.06203e-05
 -2.00349e-05
 -1.94331e-05
 -1.88465e-05
 -1.83309e-05
 -1.79241e-05
 -1.75340e-05
 -1.70893e-05
 -1.66489e-05
 -1.62422e-05
 -1.58793e-05
 -1.55735e-05
 -1.52154e-05
 -1.47366e-05
 -1.42757e-05
 -1.39004e-05
 -1.35117e-05
 -1.30833e-05
 -1.26934e-05
 -1.24093e-05
 -1.22105e-05
 -1.19504e-05
 -1.15485e-05
 -1.11675e-05
 -1.09295e-05
 -1.07083e-05
 -1.04259e-05
 -1.01322e-05
 -9.80458e-06
 -9.44778e-06
 -9.17336e-06
 -8.99500e-06
 -8.81262e-06
 -8.54317e-06
 -8.17977e-06
 -7.84192e-06
 -7.65127e-06
 -7.50122e-06
 -7.23671e-06
 -6.92888e-06
 -6.68401e-06
 -6.50641e-06
 -6.41568e-06
 -6.36202e-06
 -6.16550e-06
 -5.79419e-06
 -5.40875e-06
 -5.11387e-06
 -4.91141e-06
 -4.74682e-06
 -4.55293e-06
 -4.36738e-06
 -4.23038e-06
 -4.04670e-06
 -3.81256e-06
 -3.66411e-06
 -3.57391e-06
 -3.38277e-06
 -3.09965e-06
 -2.81755e-06
 -2.56849e-06
 -2.38779e-06
 -2.27010e-06
 -2.15491e-06
 -2.03730e-06
 -1.93103e-06
 -1.81756e-06
 -1.73840e-06
 -1.68400e-06
 -1.53552e-06
 -1.32302e-06
 -1.19838e-06
 -1.14345e-06
 -1.07186e-06
 -9.95790e-07
 -9.02981e-07
 -7.53159e-07
 -5.82499e-07
 -4.20036e-07
 -2.58901e-07
 -1.21997e-07
  2.19346e-08
  1.82992e-07
  2.57305e-07
  2.33905e-07
  2.49711e-07
  3.19010e-07
  3.59037e-07
  3.93794e-07
  4.45375e-07
  4.89329e-07
  5.59286e-07
  6.41257e-07
  6.57846e-07
  6.38871e-07
  6.51139e-07
  6.95697e-07
  7.64816e-07
  8.05109e-07
  7.34981e-07
  6.48514e-07
  6.90149e-07
  7.78957e-07
  7.80156e-07
  7.03915e-07
  5.94124e-07
  4.90932e-07
  4.49529e-07
  4.21724e-07
  3.60258e-07
  3.58671e-07
  4.51760e-07
  5.32354e-07
  5.21203e-07
  3.88280e-07
  1.79574e-07
  4.76551e-08
  1.90634e-08
 -5.91377e-08
 -2.09832e-07
 -3.09059e-07
 -3.56467e-07
 -4.06696e-07
 -4.64565e-07
 -5.48631e-07
 -6.54811e-07
 -7.58731e-07
 -9.16433e-07
 -1.14924e-06
 -1.36139e-06
 -1.53945e-06
 -1.73227e-06
 -1.89340e-06
 -2.01493e-06
 -2.16312e-06
 -2.31268e-06
 -2.44745e-06
 -2.63941e-06
 -2.88540e-06
 -3.10916e-06
 -3.28630e-06
 -3.39330e-06
 -3.45024e-06
 -3.56692e-06
 -3.73418e-06
 -3.84808e-06
 -3.96335e-06
 -4.20337e-06
 -4.53064e-06
 -4.85151e-06
 -5.11984e-06
 -5.34066e-06
 -5.60758e-06
 -5.93109e-06
 -6.14143e-06
 -6.21347e-06
 -6.35079e-06
 -6.63087e-06
 -6.95561e-06
 -7.25451e-06
 -7.50533e-06
 -7.72846e-06
 -7.99475e-06
 -8.29279e-06
 -8.57763e-06
 -8.88103e-06
 -9.16620e-06
 -9.34623e-06
 -9.50891e-06
 -9.79363e-06
 -1.01709e-05
 -1.05857e-05
 -1.09999e-05
 -1.13027e-05
 -1.14759e-05
 -1.16511e-05
 -1.19042e-05
 -1.22236e-05
 -1.25541e-05
 -1.28227e-05
 -1.30950e-05
 -1.35200e-05
 -1.40379e-05
 -1.44735e-05
 -1.48308e-05
 -1.51698e-05
 -1.54818e-05
 -1.58232e-05
 -1.62384e-05
 -1.66772e-05
 -1.71087e-05
 -1.75225e-05
 -1.79412e-05
 -1.84813e-05
 -1.91598e-05
 -1.98454e-05
 -2.04929e-05
 -2.11205e-05
 -2.16972e-05
   -0.0626017 -2.11122e-05
 -2.04424e-05
 -1.98784e-05
 -1.93822e-05
 -1.88741e-05
 -1.83842e-05
 -1.80079e-05
 -1.76659e-05
 -1.72070e-05
 -1.66822e-05
 -1.62298e-05
 -1.58787e-05
 -1.55486e-05
 -1.51121e-05
 -1.45809e-05
 -1.41477e-05
 -1.38647e-05
 -1.35836e-05
 -1.32316e-05
 -1.28123e-05
 -1.23888e-05
 -1.20646e-05
 -1.18029e-05
 -1.14969e-05
 -1.11833e-05
 -1.09487e-05
 -1.07671e-05
 -1.05596e-05
 -1.02924e-05
 -9.97655e-06
 -9.66552e-06
 -9.38812e-06
 -9.08313e-06
 -8.72346e-06
 -8.40227e-06
 -8.16357e-06
 -7.96114e-06
 -7.78722e-06
 -7.58965e-06
 -7.30742e-06
 -7.01969e-06
 -6.76616e-06
 -6.50675e-06
 -6.25001e-06
 -6.00526e-06
 -5.76995e-06
 -5.57635e-06
 -5.41070e-06
 -5.18887e-06
 -4.89672e-06
 -4.61410e-06
 -4.38749e-06
 -4.20290e-06
 -4.02089e-06
 -3.77267e-06
 -3.46656e-06
 -3.24222e-06
 -3.14979e-06
 -3.09923e-06
 -3.04687e-06
 -2.92712e-06
 -2.68953e-06
 -2.42986e-06
 -2.21803e-06
 -2.02307e-06
 -1.82314e-06
 -1.62912e-06
 -1.49069e-06
 -1.47280e-06
 -1.52622e-06
 -1.50278e-06
 -1.36924e-06
 -1.22039e-06
 -1.08228e-06
 -9.21588e-07
 -7.64379e-07
 -6.07683e-07
 -4.09125e-07
 -2.27278e-07
 -1.20571e-07
 -5.88622e-08
 -2.55465e-08
  3.72672e-08
  1.30178e-07
  1.72127e-07
  2.10973e-07
  3.48406e-07
  5.01317e-07
  5.33737e-07
  4.77357e-07
  4.25449e-07
  3.85062e-07
  3.47273e-07
  3.42958e-07
  3.85631e-07
  4.52728e-07
  5.03069e-07
  5.28499e-07
  6.14321e-07
  7.69900e-07
  8.15844e-07
  7.06709e-07
  5.81170e-07
  4.88837e-07
  4.41683e-07
  4.67949e-07
  5.22559e-07
  5.34222e-07
  4.82243e-07
  3.96571e-07
  3.52414e-07
  3.95199e-07
  4.47208e-07
  4.05748e-07
  2.90457e-07
  1.72557e-07
  8.06693e-08
  5.57125e-08
  8.28651e-08
  2.11612e-08
 -1.55448e-07
 -3.04402e-07
 -3.93011e-07
 -4.57120e-07
 -5.45409e-07
 -7.16669e-07
 -9.21305e-07
 -1.05155e-06
 -1.08368e-06
 -1.06097e-06
 -1.07629e-06
 -1.24970e-06
 -1.56212e-06
 -1.83292e-06
 -1.98729e-06
 -2.12742e-06
 -2.28138e-06
 -2.38000e-06
 -2.46818e-06
 -2.62728e-06
 -2.81076e-06
 -2.93638e-06
 -2.97253e-06
 -3.02774e-06
 -3.26216e-06
 -3.57991e-06
 -3.79793e-06
 -3.96148e-06
 -4.17478e-06
 -4.40903e-06
 -4.62952e-06
 -4.86297e-06
 -5.11471e-06
 -5.37433e-06
 -5.65623e-06
 -5.95830e-06
 -6.25235e-06
 -6.51879e-06
 -6.75126e-06
 -6.98188e-06
 -7.24044e-06
 -7.42814e-06
 -7.50191e-06
 -7.67077e-06
 -8.03460e-06
 -8.43784e-06
 -8.76162e-06
 -9.01625e-06
 -9.27607e-06
 -9.60374e-06
 -9.95689e-06
 -1.02495e-05
 -1.04810e-05
 -1.06989e-05
 -1.09384e-05
 -1.12618e-05
 -1.16785e-05
 -1.20630e-05
 -1.23318e-05
 -1.25862e-05
 -1.29086e-05
 -1.32685e-05
 -1.36631e-05
 -1.40699e-05
 -1.44334e-05
 -1.47838e-05
 -1.51345e-05
 -1.55019e-05
 -1.59633e-05
 -1.64886e-05
 -1.69623e-05
 -1.73669e-05
 -1.77268e-05
 -1.80764e-05
 -1.85170e-05
 -1.90733e-05
 -1.96641e-05
 -2.02771e-05
 -2.09543e-05
 -2.16714e-05
   -0.0566397 -2.10637e-05
 -2.03546e-05
 -1.98171e-05
 -1.93380e-05
 -1.87989e-05
 -1.82377e-05
 -1.77639e-05
 -1.73625e-05
 -1.69394e-05
 -1.65103e-05
 -1.61487e-05
 -1.58408e-05
 -1.54985e-05
 -1.50558e-05
 -1.45642e-05
 -1.41539e-05
 -1.38286e-05
 -1.34749e-05
 -1.30688e-05
 -1.26523e-05
 -1.22694e-05
 -1.19612e-05
 -1.17054e-05
 -1.14633e-05
 -1.12321e-05
 -1.09737e-05
 -1.06462e-05
 -1.02779e-05
 -9.93951e-06
 -9.65831e-06
 -9.40095e-06
 -9.15016e-06
 -8.90498e-06
 -8.65819e-06
 -8.42038e-06
 -8.17380e-06
 -7.88199e-06
 -7.56945e-06
 -7.26080e-06
 -6.97919e-06
 -6.78097e-06
 -6.63309e-06
 -6.46411e-06
 -6.29415e-06
 -6.13345e-06
 -5.93590e-06
 -5.69201e-06
 -5.46667e-06
 -5.30829e-06
 -5.12794e-06
 -4.79416e-06
 -4.35531e-06
 -4.02313e-06
 -3.92326e-06
 -3.91664e-06
 -3.80158e-06
 -3.58882e-06
 -3.37304e-06
 -3.16805e-06
 -2.98595e-06
 -2.81230e-06
 -2.59772e-06
 -2.34890e-06
 -2.11838e-06
 -1.98262e-06
 -1.95026e-06
 -1.89428e-06
 -1.73711e-06
 -1.57077e-06
 -1.47556e-06
 -1.39698e-06
 -1.25437e-06
 -1.08978e-06
 -9.78386e-07
 -9.05670e-07
 -8.37595e-07
 -7.53883e-07
 -6.38257e-07
 -5.12312e-07
 -3.80271e-07
 -2.27378e-07
 -7.70085e-08
  8.82916e-08
  2.63888e-07
  3.74145e-07
  4.15778e-07
  4.49351e-07
  4.75285e-07
  4.69549e-07
  4.46198e-07
  4.43152e-07
  4.77358e-07
  5.49883e-07
  6.76331e-07
  8.12677e-07
  8.73040e-07
  8.35872e-07
  7.64088e-07
  7.50300e-07
  7.90001e-07
  7.81198e-07
  7.51860e-07
  8.02034e-07
  8.69496e-07
  8.50902e-07
  7.60862e-07
  6.67705e-07
  6.03255e-07
  5.43125e-07
  4.74665e-07
  4.29319e-07
  3.91441e-07
  3.26322e-07
  2.66825e-07
  2.81103e-07
  3.54488e-07
  3.81744e-07
  3.34600e-07
  2.53148e-07
  9.89070e-08
 -1.27577e-07
 -3.01132e-07
 -3.67371e-07
 -3.90346e-07
 -4.65496e-07
 -6.03917e-07
 -7.05560e-07
 -7.50728e-07
 -8.50701e-07
 -1.04149e-06
 -1.25575e-06
 -1.45783e-06
 -1.65322e-06
 -1.82593e-06
 -1.95155e-06
 -2.07873e-06
 -2.24741e-06
 -2.41711e-06
 -2.57508e-06
 -2.75073e-06
 -2.94177e-06
 -3.12670e-06
 -3.26936e-06
 -3.39792e-06
 -3.58612e-06
 -3.76411e-06
 -3.83871e-06
 -3.90370e-06
 -4.08607e-06
 -4.36468e-06
 -4.64122e-06
 -4.88050e-06
 -5.14125e-06
 -5.45420e-06
 -5.77115e-06
 -6.03586e-06
 -6.23888e-06
 -6.41849e-06
 -6.59340e-06
 -6.75858e-06
 -6.95315e-06
 -7.19638e-06
 -7.49368e-06
 -7.87918e-06
 -8.26985e-06
 -8.52234e-06
 -8.66290e-06
 -8.83716e-06
 -9.13576e-06
 -9.51676e-06
 -9.85888e-06
 -1.01261e-05
 -1.03911e-05
 -1.06916e-05
 -1.10076e-05
 -1.13371e-05
 -1.16960e-05
 -1.20355e-05
 -1.22740e-05
 -1.24476e-05
 -1.26630e-05
 -1.29803e-05
 -1.33942e-05
 -1.38061e-05
 -1.41411e-05
 -1.44869e-05
 -1.49395e-05
 -1.54748e-05
 -1.59849e-05
 -1.63542e-05
 -1.66038e-05
 -1.69108e-05
 -1.73935e-05
 -1.80018e-05
 -1.86162e-05
 -1.91445e-05
 -1.96059e-05
 -2.01375e-05
 -2.08398e-05
 -2.16401e-05
   -0.0506776 -2.09193e-05
 -2.02903e-05
 -1.97563e-05
 -1.92555e-05
 -1.87766e-05
 -1.83201e-05
 -1.78554e-05
 -1.74029e-05
 -1.69934e-05
 -1.65761e-05
 -1.61083e-05
 -1.56458e-05
 -1.52438e-05
 -1.48670e-05
 -1.44711e-05
 -1.41014e-05
 -1.37992e-05
 -1.34821e-05
 -1.30785e-05
 -1.26640e-05
 -1.23434e-05
 -1.20545e-05
 -1.16629e-05
 -1.12164e-05
 -1.09137e-05
 -1.08151e-05
 -1.07334e-05
 -1.04727e-05
 -1.00550e-05
 -9.64118e-06
 -9.35821e-06
 -9.19210e-06
 -9.01679e-06
 -8.74277e-06
 -8.41203e-06
 -8.14032e-06
 -7.95894e-06
 -7.78956e-06
 -7.56553e-06
 -7.30902e-06
 -7.06408e-06
 -6.80926e-06
 -6.52843e-06
 -6.25931e-06
 -6.01873e-06
 -5.76724e-06
 -5.48990e-06
 -5.24061e-06
 -5.03447e-06
 -4.82127e-06
 -4.58418e-06
 -4.36615e-06
 -4.18261e-06
 -3.98723e-06
 -3.77786e-06
 -3.62933e-06
 -3.55423e-06
 -3.45853e-06
 -3.27508e-06
 -3.06202e-06
 -2.86001e-06
 -2.62306e-06
 -2.34838e-06
 -2.11900e-06
 -1.98090e-06
 -1.86319e-06
 -1.71146e-06
 -1.57953e-06
 -1.52828e-06
 -1.51283e-06
 -1.43844e-06
 -1.28516e-06
 -1.08900e-06
 -8.80732e-07
 -7.10097e-07
 -6.25712e-07
 -5.93682e-07
 -5.05026e-07
 -3.17662e-07
 -1.15713e-07
  1.33335e-08
  6.40280e-08
  1.01133e-07
  1.78914e-07
  3.28692e-07
  5.35138e-07
  7.00897e-07
  7.16646e-07
  5.97626e-07
  4.92464e-07
  5.00929e-07
  5.75006e-07
  6.32523e-07
  6.62160e-07
  7.01086e-07
  7.65294e-07
  8.37517e-07
  8.93330e-07
  8.89128e-07
  7.98296e-07
  6.61533e-07
  5.81983e-07
  6.13636e-07
  6.95190e-07
  7.41688e-07
  7.28963e-07
  6.96952e-07
  6.89422e-07
  7.27087e-07
  7.84174e-07
  7.88623e-07
  6.93126e-07
  5.31057e-07
  3.95343e-07
  3.46649e-07
  3.50836e-07
  3.37092e-07
  2.70466e-07
  1.59510e-07
  2.31887e-08
 -1.28262e-07
 -2.77203e-07
 -4.16755e-07
 -5.36791e-07
 -6.39893e-07
 -7.32271e-07
 -8.02731e-07
 -8.35919e-07
 -8.49594e-07
 -9.04724e-07
 -1.04554e-06
 -1.26633e-06
 -1.52976e-06
 -1.78810e-06
 -2.00295e-06
 -2.15097e-06
 -2.24924e-06
 -2.35819e-06
 -2.50797e-06
 -2.66230e-06
 -2.77019e-06
 -2.85362e-06
 -2.97298e-06
 -3.15619e-06
 -3.39176e-06
 -3.62633e-06
 -3.81454e-06
 -3.96241e-06
 -4.13752e-06
 -4.38288e-06
 -4.64222e-06
 -4.82939e-06
 -4.96681e-06
 -5.19213e-06
 -5.56604e-06
 -5.96355e-06
 -6.24384e-06
 -6.41977e-06
 -6.60530e-06
 -6.83779e-06
 -7.05838e-06
 -7.24456e-06
 -7.46374e-06
 -7.78887e-06
 -8.17593e-06
 -8.50520e-06
 -8.72378e-06
 -8.89969e-06
 -9.14180e-06
 -9.46597e-06
 -9.78334e-06
 -1.00131e-05
 -1.01965e-05
 -1.04355e-05
 -1.07551e-05
 -1.11165e-05
 -1.14795e-05
 -1.18257e-05
 -1.21569e-05
 -1.24949e-05
 -1.28634e-05
 -1.32380e-05
 -1.35690e-05
 -1.38804e-05
 -1.42664e-05
 -1.47509e-05
 -1.52169e-05
 -1.55838e-05
 -1.59291e-05
 -1.63435e-05
 -1.67698e-05
 -1.71113e-05
 -1.74332e-05
 -1.78713e-05
 -1.84145e-05
 -1.89727e-05
 -1.95554e-05
 -2.02251e-05
 -2.09766e-05
 -2.17125e-05
   -0.0447155 -2.10794e-05
 -2.04741e-05
 -1.98934e-05
 -1.93109e-05
 -1.87528e-05
 -1.82675e-05
 -1.78164e-05
 -1.73454e-05
 -1.68732e-05
 -1.64455e-05
 -1.60823e-05
 -1.57630e-05
 -1.54370e-05
 -1.50726e-05
 -1.46761e-05
 -1.42775e-05
 -1.38893e-05
 -1.34791e-05
 -1.30420e-05
 -1.26315e-05
 -1.22786e-05
 -1.19256e-05
 -1.15351e-05
 -1.12050e-05
 -1.10388e-05
 -1.09409e-05
 -1.06973e-05
 -1.02746e-05
 -9.86267e-06
 -9.57903e-06
 -9.34950e-06
 -9.07721e-06
 -8.77615e-06
 -8.50794e-06
 -8.27814e-06
 -8.07673e-06
 -7.90282e-06
 -7.71544e-06
 -7.45275e-06
 -7.13464e-06
 -6.85220e-06
 -6.61596e-06
 -6.37002e-06
 -6.12635e-06
 -5.95011e-06
 -5.80590e-06
 -5.57673e-06
 -5.26449e-06
 -4.98883e-06
 -4.79591e-06
 -4.60126e-06
 -4.35158e-06
 -4.11122e-06
 -3.92219e-06
 -3.73895e-06
 -3.55527e-06
 -3.42638e-06
 -3.34298e-06
 -3.20245e-06
 -2.98800e-06
 -2.78910e-06
 -2.63780e-06
 -2.45294e-06
 -2.18542e-06
 -1.92774e-06
 -1.78665e-06
 -1.74785e-06
 -1.71123e-06
 -1.60989e-06
 -1.44358e-06
 -1.25139e-06
 -1.10561e-06
 -1.04384e-06
 -1.00568e-06
 -9.14641e-07
 -7.87326e-07
 -6.99423e-07
 -6.51786e-07
 -5.59326e-07
 -3.79089e-07
 -1.57288e-07
  2.84003e-08
  1.57833e-07
  2.50189e-07
  3.47119e-07
  4.78918e-07
  6.12094e-07
  6.56145e-07
  5.78230e-07
  4.83291e-07
  4.88866e-07
  5.84337e-07
  6.87366e-07
  7.61319e-07
  8.22457e-07
  8.68194e-07
  8.79070e-07
  8.75885e-07
  8.76155e-07
  8.51360e-07
  7.80631e-07
  7.23719e-07
  7.42780e-07
  7.99114e-07
  8.26811e-07
  8.33983e-07
  8.63041e-07
  8.79386e-07
  8.20251e-07
  7.08244e-07
  6.30998e-07
  6.28336e-07
  6.47494e-07
  6.30502e-07
  5.80040e-07
  5.20713e-07
  4.66022e-07
  4.09021e-07
  3.23872e-07
  1.96962e-07
  5.14478e-08
 -6.91289e-08
 -1.80944e-07
 -3.22812e-07
 -4.79089e-07
 -5.76068e-07
 -5.95942e-07
 -6.25401e-07
 -7.44852e-07
 -9.26610e-07
 -1.08391e-06
 -1.20730e-06
 -1.37203e-06
 -1.61301e-06
 -1.87140e-06
 -2.05154e-06
 -2.12563e-06
 -2.18617e-06
 -2.36192e-06
 -2.67955e-06
 -3.00923e-06
 -3.20088e-06
 -3.24100e-06
 -3.25877e-06
 -3.38162e-06
 -3.59144e-06
 -3.79437e-06
 -3.94739e-06
 -4.09287e-06
 -4.27560e-06
 -4.50752e-06
 -4.79839e-06
 -5.14923e-06
 -5.51585e-06
 -5.80703e-06
 -5.97632e-06
 -6.11359e-06
 -6.34276e-06
 -6.65772e-06
 -6.92761e-06
 -7.08905e-06
 -7.25395e-06
 -7.55633e-06
 -7.97786e-06
 -8.36698e-06
 -8.62938e-06
 -8.80975e-06
 -8.99337e-06
 -9.21571e-06
 -9.46588e-06
 -9.73112e-06
 -1.00017e-05
 -1.02948e-05
 -1.06327e-05
 -1.09839e-05
 -1.13029e-05
 -1.15913e-05
 -1.18877e-05
 -1.21887e-05
 -1.24408e-05
 -1.26575e-05
 -1.29524e-05
 -1.33872e-05
 -1.38726e-05
 -1.42945e-05
 -1.46680e-05
 -1.50596e-05
 -1.54657e-05
 -1.58478e-05
 -1.62328e-05
 -1.66550e-05
 -1.70511e-05
 -1.73720e-05
 -1.77090e-05
 -1.81981e-05
 -1.88626e-05
 -1.95895e-05
 -2.02589e-05
 -2.08761e-05
 -2.14937e-05
   -0.0387534 -2.13498e-05
 -2.06380e-05
 -1.99070e-05
 -1.92237e-05
 -1.86500e-05
 -1.82113e-05
 -1.78555e-05
 -1.74724e-05
 -1.70286e-05
 -1.66166e-05
 -1.62837e-05
 -1.59517e-05
 -1.55335e-05
 -1.50026e-05
 -1.44240e-05
 -1.39409e-05
 -1.36089e-05
 -1.33293e-05
 -1.29992e-05
 -1.25990e-05
 -1.22232e-05
 -1.19733e-05
 -1.17642e-05
 -1.14635e-05
 -1.11030e-05
 -1.07551e-05
 -1.03979e-05
 -1.00105e-05
 -9.68662e-06
 -9.50827e-06
 -9.36845e-06
 -9.11322e-06
 -8.76456e-06
 -8.48063e-06
 -8.31549e-06
 -8.12491e-06
 -7.80930e-06
 -7.48688e-06
 -7.24127e-06
 -7.00555e-06
 -6.76622e-06
 -6.55919e-06
 -6.37748e-06
 -6.17457e-06
 -5.88960e-06
 -5.53104e-06
 -5.17071e-06
 -4.87344e-06
 -4.68876e-06
 -4.59762e-06
 -4.48112e-06
 -4.25302e-06
 -3.99527e-06
 -3.86296e-06
 -3.81615e-06
 -3.66465e-06
 -3.38692e-06
 -3.11987e-06
 -2.93410e-06
 -2.80014e-06
 -2.63085e-06
 -2.40810e-06
 -2.22170e-06
 -2.10744e-06
 -2.03524e-06
 -1.96454e-06
 -1.82400e-06
 -1.60390e-06
 -1.40841e-06
 -1.30016e-06
 -1.22187e-06
 -1.11040e-06
 -1.03097e-06
 -1.04339e-06
 -1.04956e-06
 -9.30826e-07
 -6.94407e-07
 -4.46411e-07
 -2.80422e-07
 -1.58946e-07
 -1.27154e-08
  1.18088e-07
  2.17224e-07
  2.95469e-07
  3.13454e-07
  2.86859e-07
  2.94295e-07
  3.55635e-07
  4.28880e-07
  4.88569e-07
  5.65892e-07
  6.75260e-07
  7.52269e-07
  7.51872e-07
  7.05877e-07
  6.81757e-07
  6.88734e-07
  6.72049e-07
  6.50428e-07
  6.79020e-07
  7.07173e-07
  7.13536e-07
  7.56816e-07
  8.20511e-07
  8.36342e-07
  7.72611e-07
  6.72096e-07
  6.30537e-07
  6.69191e-07
  7.19750e-07
  7.48222e-07
  7.57580e-07
  7.44808e-07
  6.96735e-07
  6.17191e-07
  5.04484e-07
  3.28490e-07
  1.40130e-07
  4.97445e-08
  3.35074e-08
 -1.71237e-08
 -1.33127e-07
 -2.70116e-07
 -3.34882e-07
 -3.25817e-07
 -3.60121e-07
 -4.85751e-07
 -6.64483e-07
 -8.65218e-07
 -1.04528e-06
 -1.17902e-06
 -1.30821e-06
 -1.47964e-06
 -1.66648e-06
 -1.78831e-06
 -1.86231e-06
 -1.99310e-06
 -2.23144e-06
 -2.52910e-06
 -2.76483e-06
 -2.86657e-06
 -2.90906e-06
 -2.96912e-06
 -3.07823e-06
 -3.28174e-06
 -3.53066e-06
 -3.72492e-06
 -3.86972e-06
 -4.04733e-06
 -4.32073e-06
 -4.66709e-06
 -4.98292e-06
 -5.21339e-06
 -5.40082e-06
 -5.60468e-06
 -5.82947e-06
 -6.05919e-06
 -6.32430e-06
 -6.62211e-06
 -6.87490e-06
 -7.07471e-06
 -7.29367e-06
 -7.59448e-06
 -7.96589e-06
 -8.26482e-06
 -8.41817e-06
 -8.57133e-06
 -8.84840e-06
 -9.19533e-06
 -9.50666e-06
 -9.75266e-06
 -9.98207e-06
 -1.02398e-05
 -1.05067e-05
 -1.07632e-05
 -1.10248e-05
 -1.13143e-05
 -1.16345e-05
 -1.19866e-05
 -1.23987e-05
 -1.28400e-05
 -1.32425e-05
 -1.36184e-05
 -1.39698e-05
 -1.42581e-05
 -1.45191e-05
 -1.48215e-05
 -1.52037e-05
 -1.56541e-05
 -1.60974e-05
 -1.64923e-05
 -1.68943e-05
 -1.73496e-05
 -1.78586e-05
 -1.84230e-05
 -1.90074e-05
 -1.95455e-05
 -2.00361e-05
 -2.05565e-05
 -2.11798e-05
   -0.0327914 -2.12229e-05
 -2.04717e-05
 -1.97824e-05
 -1.91624e-05
 -1.85868e-05
 -1.80561e-05
 -1.75922e-05
 -1.71665e-05
 -1.67871e-05
 -1.65088e-05
 -1.62370e-05
 -1.58224e-05
 -1.53089e-05
 -1.48024e-05
 -1.43498e-05
 -1.40039e-05
 -1.37400e-05
 -1.34442e-05
 -1.30761e-05
 -1.26482e-05
 -1.22529e-05
 -1.20001e-05
 -1.17725e-05
 -1.13953e-05
 -1.09566e-05
 -1.06335e-05
 -1.04137e-05
 -1.01887e-05
 -9.94343e-06
 -9.70922e-06
 -9.47673e-06
 -9.20981e-06
 -8.89826e-06
 -8.59836e-06
 -8.35939e-06
 -8.10637e-06
 -7.78759e-06
 -7.52432e-06
 -7.35072e-06
 -7.15414e-06
 -6.93998e-06
 -6.74472e-06
 -6.54848e-06
 -6.32084e-06
 -6.00822e-06
 -5.62260e-06
 -5.28991e-06
 -5.07191e-06
 -4.87943e-06
 -4.63703e-06
 -4.38030e-06
 -4.17147e-06
 -4.03680e-06
 -3.93811e-06
 -3.75455e-06
 -3.44153e-06
 -3.15178e-06
 -2.99574e-06
 -2.91828e-06
 -2.86916e-06
 -2.77027e-06
 -2.57784e-06
 -2.38270e-06
 -2.21559e-06
 -2.02790e-06
 -1.83508e-06
 -1.66696e-06
 -1.50752e-06
 -1.33706e-06
 -1.13713e-06
 -9.20853e-07
 -7.96080e-07
 -8.39425e-07
 -9.19596e-07
 -8.51995e-07
 -6.52899e-07
 -4.45295e-07
 -2.97610e-07
 -2.27020e-07
 -1.40640e-07
  4.41697e-08
  2.10819e-07
  2.84042e-07
  3.05570e-07
  3.15338e-07
  3.77320e-07
  5.19322e-07
  6.53619e-07
  7.13121e-07
  7.29136e-07
  7.20658e-07
  6.80403e-07
  6.55946e-07
  6.83341e-07
  7.14237e-07
  7.15215e-07
  7.02034e-07
  6.77691e-07
  6.92309e-07
  7.88007e-07
  8.61394e-07
  8.54295e-07
  7.99917e-07
  6.93013e-07
  5.94986e-07
  5.75364e-07
  5.87466e-07
  5.93005e-07
  6.10528e-07
  6.13011e-07
  5.79700e-07
  5.81933e-07
  6.60886e-07
  7.19656e-07
  6.38308e-07
  4.11454e-07
  1.59780e-07
  5.03778e-08
  9.45554e-08
  9.61504e-08
 -3.29753e-08
 -1.93341e-07
 -3.49464e-07
 -4.65685e-07
 -5.32858e-07
 -6.52783e-07
 -8.43297e-07
 -9.91263e-07
 -1.04334e-06
 -1.06042e-06
 -1.13095e-06
 -1.28094e-06
 -1.43437e-06
 -1.51863e-06
 -1.60354e-06
 -1.78860e-06
 -2.01225e-06
 -2.18615e-06
 -2.37590e-06
 -2.61421e-06
 -2.81064e-06
 -2.94941e-06
 -3.04709e-06
 -3.11607e-06
 -3.24026e-06
 -3.43348e-06
 -3.65222e-06
 -3.88464e-06
 -4.09122e-06
 -4.25923e-06
 -4.45616e-06
 -4.68496e-06
 -4.87439e-06
 -5.07366e-06
 -5.39865e-06
 -5.78057e-06
 -6.05195e-06
 -6.23109e-06
 -6.45795e-06
 -6.76446e-06
 -7.07222e-06
 -7.28321e-06
 -7.41903e-06
 -7.63159e-06
 -7.91146e-06
 -8.17840e-06
 -8.49566e-06
 -8.86789e-06
 -9.18292e-06
 -9.43098e-06
 -9.69701e-06
 -9.99474e-06
 -1.02683e-05
 -1.04869e-05
 -1.06812e-05
 -1.09240e-05
 -1.12414e-05
 -1.15872e-05
 -1.19490e-05
 -1.23728e-05
 -1.28130e-05
 -1.31939e-05
 -1.35693e-05
 -1.39478e-05
 -1.42653e-05
 -1.45756e-05
 -1.49298e-05
 -1.53258e-05
 -1.57975e-05
 -1.63257e-05
 -1.68223e-05
 -1.72521e-05
 -1.76144e-05
 -1.79700e-05
 -1.84295e-05
 -1.89588e-05
 -1.94376e-05
 -1.99188e-05
 -2.05325e-05
 -2.12701e-05
   -0.0268293 -2.12452e-05
 -2.05986e-05
 -2.00081e-05
 -1.95281e-05
 -1.90491e-05
 -1.85071e-05
 -1.79703e-05
 -1.74441e-05
 -1.69241e-05
 -1.64780e-05
 -1.60887e-05
 -1.57100e-05
 -1.53784e-05
 -1.50522e-05
 -1.46473e-05
 -1.42056e-05
 -1.37996e-05
 -1.34580e-05
 -1.31597e-05
 -1.27875e-05
 -1.23165e-05
 -1.19393e-05
 -1.17332e-05
 -1.15203e-05
 -1.12094e-05
 -1.08604e-05
 -1.04897e-05
 -1.01275e-05
 -9.82851e-06
 -9.54347e-06
 -9.20114e-06
 -8.81644e-06
 -8.46801e-06
 -8.27914e-06
 -8.23648e-06
 -8.09529e-06
 -7.75330e-06
 -7.42083e-06
 -7.18885e-06
 -6.89864e-06
 -6.52419e-06
 -6.20548e-06
 -6.01371e-06
 -5.89570e-06
 -5.72856e-06
 -5.45416e-06
 -5.19759e-06
 -5.04416e-06
 -4.90482e-06
 -4.73542e-06
 -4.55156e-06
 -4.29607e-06
 -3.99703e-06
 -3.78392e-06
 -3.62527e-06
 -3.41155e-06
 -3.17007e-06
 -2.95737e-06
 -2.76515e-06
 -2.58397e-06
 -2.36729e-06
 -2.10575e-06
 -1.90370e-06
 -1.79278e-06
 -1.71094e-06
 -1.67724e-06
 -1.68254e-06
 -1.60353e-06
 -1.44560e-06
 -1.31703e-06
 -1.19669e-06
 -1.03803e-06
 -8.71545e-07
 -6.99707e-07
 -5.49511e-07
 -4.83720e-07
 -4.58489e-07
 -4.01817e-07
 -3.22454e-07
 -2.08046e-07
 -6.01008e-08
  3.36835e-08
  1.03596e-07
  2.45895e-07
  3.84681e-07
  4.25098e-07
  4.37513e-07
  4.66991e-07
  4.83821e-07
  5.12419e-07
  5.65847e-07
  6.33040e-07
  7.38600e-07
  8.40389e-07
  8.75714e-07
  9.09352e-07
  9.62299e-07
  9.45361e-07
  8.68246e-07
  7.90241e-07
  6.72443e-07
  5.61799e-07
  5.97850e-07
  7.57298e-07
  9.04219e-07
  9.51317e-07
  8.70295e-07
  7.38861e-07
  6.81413e-07
  6.54845e-07
  5.68013e-07
  4.66104e-07
  3.72345e-07
  2.62727e-07
  2.11189e-07
  2.40470e-07
  2.45455e-07
  2.04618e-07
  1.66204e-07
  1.20187e-07
  6.70354e-08
  3.09137e-09
 -1.37151e-07
 -3.02722e-07
 -3.81600e-07
 -4.20573e-07
 -5.08055e-07
 -6.33733e-07
 -8.02543e-07
 -1.00922e-06
 -1.19246e-06
 -1.39254e-06
 -1.66631e-06
 -1.90490e-06
 -2.02119e-06
 -2.07542e-06
 -2.12550e-06
 -2.22951e-06
 -2.43200e-06
 -2.63838e-06
 -2.75974e-06
 -2.87697e-06
 -3.05543e-06
 -3.27556e-06
 -3.54301e-06
 -3.79917e-06
 -3.95192e-06
 -4.05106e-06
 -4.18936e-06
 -4.37622e-06
 -4.64121e-06
 -4.96286e-06
 -5.19999e-06
 -5.32816e-06
 -5.47921e-06
 -5.71075e-06
 -6.00889e-06
 -6.34165e-06
 -6.59215e-06
 -6.72106e-06
 -6.86038e-06
 -7.11379e-06
 -7.48086e-06
 -7.91141e-06
 -8.24978e-06
 -8.42068e-06
 -8.59723e-06
 -8.89362e-06
 -9.18091e-06
 -9.38394e-06
 -9.58942e-06
 -9.85791e-06
 -1.01904e-05
 -1.05433e-05
 -1.08625e-05
 -1.11948e-05
 -1.15636e-05
 -1.18447e-05
 -1.20293e-05
 -1.22941e-05
 -1.26732e-05
 -1.30482e-05
 -1.33696e-05
 -1.36310e-05
 -1.38631e-05
 -1.41813e-05
 -1.46105e-05
 -1.50482e-05
 -1.54586e-05
 -1.58484e-05
 -1.62283e-05
 -1.66707e-05
 -1.71750e-05
 -1.76867e-05
 -1.82760e-05
 -1.89613e-05
 -1.95858e-05
 -2.00999e-05
 -2.06210e-05
 -2.12193e-05
   -0.0208672 -2.10742e-05
 -2.03853e-05
 -1.97283e-05
 -1.91940e-05
 -1.86896e-05
 -1.81400e-05
 -1.76114e-05
 -1.71284e-05
 -1.66937e-05
 -1.63564e-05
 -1.60601e-05
 -1.57097e-05
 -1.53143e-05
 -1.48792e-05
 -1.44192e-05
 -1.40203e-05
 -1.36915e-05
 -1.33899e-05
 -1.31164e-05
 -1.28119e-05
 -1.24215e-05
 -1.20386e-05
 -1.17135e-05
 -1.13658e-05
 -1.10219e-05
 -1.07541e-05
 -1.04777e-05
 -1.01265e-05
 -9.78254e-06
 -9.53961e-06
 -9.41323e-06
 -9.30231e-06
 -9.05696e-06
 -8.72166e-06
 -8.44648e-06
 -8.19188e-06
 -7.87916e-06
 -7.60178e-06
 -7.38076e-06
 -7.09661e-06
 -6.76995e-06
 -6.52439e-06
 -6.38450e-06
 -6.27555e-06
 -6.07930e-06
 -5.75062e-06
 -5.42447e-06
 -5.20122e-06
 -5.02062e-06
 -4.87017e-06
 -4.75657e-06
 -4.55845e-06
 -4.25786e-06
 -4.02250e-06
 -3.88357e-06
 -3.70567e-06
 -3.41504e-06
 -3.04364e-06
 -2.70178e-06
 -2.52207e-06
 -2.46698e-06
 -2.39658e-06
 -2.27478e-06
 -2.10109e-06
 -1.89883e-06
 -1.79320e-06
 -1.79516e-06
 -1.70885e-06
 -1.48186e-06
 -1.25315e-06
 -1.06801e-06
 -9.06153e-07
 -7.92069e-07
 -7.21863e-07
 -6.86723e-07
 -6.63105e-07
 -5.56065e-07
 -3.58431e-07
 -1.88035e-07
 -5.66003e-08
  8.80287e-08
  1.80616e-07
  2.22870e-07
  3.10957e-07
  4.18194e-07
  4.81042e-07
  5.53462e-07
  6.57650e-07
  7.52288e-07
  8.39389e-07
  8.99486e-07
  9.12537e-07
  9.22463e-07
  9.10501e-07
  8.42356e-07
  8.15002e-07
  8.49084e-07
  8.23273e-07
  7.54709e-07
  7.74371e-07
  8.68447e-07
  9.61773e-07
  1.02082e-06
  9.98882e-07
  9.22997e-07
  8.74101e-07
  8.31807e-07
  7.59444e-07
  7.07210e-07
  6.72964e-07
  6.41288e-07
  6.53828e-07
  6.46105e-07
  5.31051e-07
  4.14959e-07
  3.80894e-07
  3.21573e-07
  1.79640e-07
  3.46210e-08
 -2.61439e-08
  4.19535e-08
  1.58347e-07
  1.35262e-07
 -3.10425e-08
 -1.92406e-07
 -3.27437e-07
 -4.88812e-07
 -6.79719e-07
 -9.23109e-07
 -1.17853e-06
 -1.31338e-06
 -1.36213e-06
 -1.47809e-06
 -1.64292e-06
 -1.75263e-06
 -1.80010e-06
 -1.84345e-06
 -1.99959e-06
 -2.31861e-06
 -2.64001e-06
 -2.82503e-06
 -2.95586e-06
 -3.09534e-06
 -3.20327e-06
 -3.30789e-06
 -3.43537e-06
 -3.57226e-06
 -3.76854e-06
 -4.04276e-06
 -4.30471e-06
 -4.53017e-06
 -4.74792e-06
 -4.93944e-06
 -5.14553e-06
 -5.41526e-06
 -5.66580e-06
 -5.86312e-06
 -6.10557e-06
 -6.40832e-06
 -6.71855e-06
 -7.02926e-06
 -7.31663e-06
 -7.58021e-06
 -7.88216e-06
 -8.17107e-06
 -8.35997e-06
 -8.53036e-06
 -8.75658e-06
 -8.98434e-06
 -9.23361e-06
 -9.58760e-06
 -1.00007e-05
 -1.03706e-05
 -1.06429e-05
 -1.08541e-05
 -1.11621e-05
 -1.16172e-05
 -1.20048e-05
 -1.22102e-05
 -1.24104e-05
 -1.27384e-05
 -1.31525e-05
 -1.35813e-05
 -1.39399e-05
 -1.41957e-05
 -1.44507e-05
 -1.47765e-05
 -1.51604e-05
 -1.56253e-05
 -1.61395e-05
 -1.66234e-05
 -1.71048e-05
 -1.76028e-05
 -1.80802e-05
 -1.86037e-05
 -1.92049e-05
 -1.97647e-05
 -2.02473e-05
 -2.07563e-05
 -2.13619e-05
   -0.0149052 -2.13101e-05
 -2.04736e-05
 -1.97425e-05
 -1.92214e-05
 -1.87977e-05
 -1.83299e-05
 -1.78170e-05
 -1.72794e-05
 -1.67435e-05
 -1.63089e-05
 -1.59871e-05
 -1.56694e-05
 -1.52826e-05
 -1.48152e-05
 -1.43443e-05
 -1.40019e-05
 -1.37529e-05
 -1.34539e-05
 -1.30983e-05
 -1.26993e-05
 -1.22596e-05
 -1.18656e-05
 -1.15376e-05
 -1.11986e-05
 -1.08339e-05
 -1.04788e-05
 -1.01655e-05
 -9.93640e-06
 -9.79169e-06
 -9.64555e-06
 -9.41573e-06
 -9.11177e-06
 -8.78664e-06
 -8.50768e-06
 -8.30111e-06
 -8.06779e-06
 -7.74233e-06
 -7.46220e-06
 -7.27845e-06
 -7.06182e-06
 -6.78382e-06
 -6.49315e-06
 -6.22064e-06
 -5.97199e-06
 -5.69868e-06
 -5.40085e-06
 -5.17312e-06
 -5.03346e-06
 -4.89356e-06
 -4.71356e-06
 -4.50905e-06
 -4.26095e-06
 -4.00130e-06
 -3.82733e-06
 -3.70341e-06
 -3.49398e-06
 -3.22030e-06
 -2.99217e-06
 -2.82767e-06
 -2.71907e-06
 -2.62751e-06
 -2.55538e-06
 -2.52789e-06
 -2.40442e-06
 -2.09386e-06
 -1.79165e-06
 -1.67115e-06
 -1.62194e-06
 -1.48775e-06
 -1.29893e-06
 -1.15886e-06
 -1.08762e-06
 -1.02244e-06
 -8.91708e-07
 -7.02131e-07
 -5.33368e-07
 -4.12577e-07
 -3.30326e-07
 -3.03242e-07
 -2.47766e-07
 -9.22686e-08
  1.95658e-08
  3.97544e-08
  9.99692e-08
  2.49633e-07
  4.23438e-07
  5.58297e-07
  6.50577e-07
  7.56949e-07
  8.84646e-07
  9.26146e-07
  8.18491e-07
  6.66763e-07
  5.92146e-07
  5.98258e-07
  6.50309e-07
  7.05904e-07
  7.13677e-07
  7.41579e-07
  8.72647e-07
  9.81338e-07
  9.68626e-07
  9.04259e-07
  8.44175e-07
  8.18523e-07
  8.23121e-07
  8.25541e-07
  8.57192e-07
  9.33116e-07
  9.65201e-07
  9.17561e-07
  8.65948e-07
  8.12392e-07
  6.81679e-07
  5.19073e-07
  4.31037e-07
  3.89216e-07
  3.23303e-07
  2.43888e-07
  1.65850e-07
  1.13818e-07
  9.72148e-08
  3.50677e-08
 -6.77325e-08
 -2.00301e-07
 -4.40198e-07
 -7.30266e-07
 -9.11632e-07
 -9.87834e-07
 -1.06204e-06
 -1.14290e-06
 -1.19633e-06
 -1.25717e-06
 -1.38525e-06
 -1.58877e-06
 -1.80607e-06
 -1.95985e-06
 -2.08119e-06
 -2.28192e-06
 -2.53021e-06
 -2.70404e-06
 -2.83373e-06
 -2.97834e-06
 -3.15136e-06
 -3.40390e-06
 -3.66415e-06
 -3.81056e-06
 -3.88938e-06
 -4.03621e-06
 -4.30545e-06
 -4.62692e-06
 -4.85844e-06
 -4.94881e-06
 -5.04877e-06
 -5.31981e-06
 -5.71518e-06
 -6.09161e-06
 -6.41021e-06
 -6.68100e-06
 -6.91786e-06
 -7.18039e-06
 -7.45084e-06
 -7.65780e-06
 -7.84773e-06
 -8.04504e-06
 -8.23847e-06
 -8.48913e-06
 -8.79243e-06
 -9.08489e-06
 -9.36699e-06
 -9.65118e-06
 -9.91165e-06
 -1.01524e-05
 -1.03910e-05
 -1.06415e-05
 -1.09589e-05
 -1.13787e-05
 -1.18036e-05
 -1.21285e-05
 -1.24133e-05
 -1.27385e-05
 -1.31016e-05
 -1.34901e-05
 -1.38380e-05
 -1.41049e-05
 -1.44006e-05
 -1.47748e-05
 -1.51837e-05
 -1.56350e-05
 -1.61146e-05
 -1.65804e-05
 -1.70525e-05
 -1.75202e-05
 -1.79523e-05
 -1.84097e-05
 -1.89049e-05
 -1.93590e-05
 -1.97976e-05
 -2.03545e-05
 -2.10975e-05
  -0.00894310 -2.11537e-05
 -2.05182e-05
 -2.00219e-05
 -1.96076e-05
 -1.91243e-05
 -1.85231e-05
 -1.79330e-05
 -1.74568e-05
 -1.70301e-05
 -1.65563e-05
 -1.60487e-05
 -1.56175e-05
 -1.53203e-05
 -1.50431e-05
 -1.46567e-05
 -1.42004e-05
 -1.37693e-05
 -1.33998e-05
 -1.30994e-05
 -1.27862e-05
 -1.23601e-05
 -1.18760e-05
 -1.14758e-05
 -1.12340e-05
 -1.10904e-05
 -1.08895e-05
 -1.05682e-05
 -1.01963e-05
 -9.83206e-06
 -9.48214e-06
 -9.13795e-06
 -8.82626e-06
 -8.54258e-06
 -8.27562e-06
 -8.07295e-06
 -7.93941e-06
 -7.78667e-06
 -7.58054e-06
 -7.33349e-06
 -7.05291e-06
 -6.76745e-06
 -6.47699e-06
 -6.19088e-06
 -5.92950e-06
 -5.64130e-06
 -5.31029e-06
 -5.03302e-06
 -4.84514e-06
 -4.66196e-06
 -4.41518e-06
 -4.16570e-06
 -3.98018e-06
 -3.80977e-06
 -3.60561e-06
 -3.40589e-06
 -3.26093e-06
 -3.17018e-06
 -3.05774e-06
 -2.86772e-06
 -2.65480e-06
 -2.45328e-06
 -2.26904e-06
 -2.13474e-06
 -1.99391e-06
 -1.77138e-06
 -1.54524e-06
 -1.43950e-06
 -1.43890e-06
 -1.41061e-06
 -1.27957e-06
 -1.11193e-06
 -9.52257e-07
 -7.67831e-07
 -5.71477e-07
 -4.64892e-07
 -4.89997e-07
 -4.88740e-07
 -3.17996e-07
 -9.94215e-08
  1.24807e-08
  5.58005e-08
  1.09128e-07
  2.12094e-07
  3.54124e-07
  4.86040e-07
  5.75132e-07
  5.90851e-07
  5.46691e-07
  5.47927e-07
  6.33033e-07
  6.99591e-07
  6.83454e-07
  6.71702e-07
  7.63317e-07
  8.93321e-07
  9.67315e-07
  1.00048e-06
  9.97569e-07
  9.16087e-07
  7.57231e-07
  5.91996e-07
  5.52753e-07
  6.64104e-07
  7.68362e-07
  7.68518e-07
  7.13879e-07
  6.86810e-07
  7.47618e-07
  8.61896e-07
  9.04701e-07
  8.22333e-07
  6.92036e-07
  6.19790e-07
  6.02264e-07
  5.72359e-07
  5.16888e-07
  4.39093e-07
  3.29460e-07
  1.85201e-07
  1.50099e-08
 -1.19539e-07
 -1.89734e-07
 -2.84213e-07
 -4.22388e-07
 -5.45744e-07
 -6.50124e-07
 -7.27122e-07
 -7.54542e-07
 -7.84199e-07
 -9.05417e-07
 -1.14377e-06
 -1.40765e-06
 -1.58380e-06
 -1.69135e-06
 -1.82146e-06
 -2.00121e-06
 -2.15745e-06
 -2.24987e-06
 -2.35438e-06
 -2.50865e-06
 -2.67674e-06
 -2.88742e-06
 -3.14592e-06
 -3.36680e-06
 -3.50475e-06
 -3.59042e-06
 -3.71873e-06
 -3.95371e-06
 -4.22272e-06
 -4.44338e-06
 -4.63928e-06
 -4.85579e-06
 -5.09753e-06
 -5.35649e-06
 -5.62828e-06
 -5.89615e-06
 -6.12555e-06
 -6.33361e-06
 -6.53434e-06
 -6.70500e-06
 -6.87992e-06
 -7.12612e-06
 -7.47770e-06
 -7.91647e-06
 -8.30123e-06
 -8.52686e-06
 -8.69240e-06
 -8.91739e-06
 -9.19228e-06
 -9.43276e-06
 -9.59216e-06
 -9.73637e-06
 -9.97952e-06
 -1.03178e-05
 -1.06675e-05
 -1.09724e-05
 -1.12613e-05
 -1.15613e-05
 -1.18630e-05
 -1.22003e-05
 -1.25815e-05
 -1.29491e-05
 -1.32871e-05
 -1.36284e-05
 -1.40261e-05
 -1.45040e-05
 -1.49575e-05
 -1.52965e-05
 -1.55972e-05
 -1.59482e-05
 -1.63299e-05
 -1.67072e-05
 -1.70878e-05
 -1.75176e-05
 -1.80447e-05
 -1.86432e-05
 -1.92510e-05
 -1.98690e-05
 -2.05346e-05
 -2.12323e-05
  -0.00298103 -2.10545e-05
 -2.03041e-05
 -1.96458e-05
 -1.91846e-05
 -1.88077e-05
 -1.83371e-05
 -1.77525e-05
 -1.72087e-05
 -1.68113e-05
 -1.64884e-05
 -1.61420e-05
 -1.57615e-05
 -1.53638e-05
 -1.49490e-05
 -1.45344e-05
 -1.41425e-05
 -1.37584e-05
 -1.33528e-05
 -1.29521e-05
 -1.25842e-05
 -1.22166e-05
 -1.18297e-05
 -1.14969e-05
 -1.12940e-05
 -1.11558e-05
 -1.09306e-05
 -1.05698e-05
 -1.01760e-05
 -9.84697e-06
 -9.56335e-06
 -9.26308e-06
 -8.94578e-06
 -8.65561e-06
 -8.43338e-06
 -8.25926e-06
 -8.05854e-06
 -7.76820e-06
 -7.43021e-06
 -7.15509e-06
 -6.97213e-06
 -6.79630e-06
 -6.53999e-06
 -6.24802e-06
 -6.00796e-06
 -5.81544e-06
 -5.59360e-06
 -5.32897e-06
 -5.07931e-06
 -4.85943e-06
 -4.62166e-06
 -4.35351e-06
 -4.10031e-06
 -3.89953e-06
 -3.72608e-06
 -3.55448e-06
 -3.40721e-06
 -3.29018e-06
 -3.14649e-06
 -2.90328e-06
 -2.58465e-06
 -2.29490e-06
 -2.09963e-06
 -1.95857e-06
 -1.79538e-06
 -1.61221e-06
 -1.47783e-06
 -1.42731e-06
 -1.40540e-06
 -1.33497e-06
 -1.19423e-06
 -1.00870e-06
 -8.30944e-07
 -7.06406e-07
 -6.33738e-07
 -5.69035e-07
 -4.75773e-07
 -3.76202e-07
 -3.04712e-07
 -2.29549e-07
 -8.47127e-08
  1.28885e-07
  3.18489e-07
  4.40376e-07
  5.37350e-07
  6.49356e-07
  7.44313e-07
  7.77544e-07
  7.53012e-07
  6.90884e-07
  6.09783e-07
  5.50600e-07
  5.77892e-07
  7.15197e-07
  8.89435e-07
  1.00353e-06
  1.02846e-06
  9.96113e-07
  9.50428e-07
  9.06079e-07
  8.56299e-07
  7.84464e-07
  7.07500e-07
  6.75747e-07
  7.09586e-07
  7.71206e-07
  7.92954e-07
  7.49824e-07
  6.69104e-07
  6.05222e-07
  5.93932e-07
  6.11413e-07
  5.85546e-07
  4.63119e-07
  2.99758e-07
  2.22829e-07
  2.67697e-07
  3.33486e-07
  3.07009e-07
  1.72892e-07
 -1.26867e-08
 -1.91750e-07
 -3.07350e-07
 -3.49242e-07
 -3.74493e-07
 -4.62805e-07
 -5.99488e-07
 -6.92855e-07
 -7.27348e-07
 -7.94231e-07
 -9.51670e-07
 -1.15208e-06
 -1.36031e-06
 -1.60001e-06
 -1.83409e-06
 -1.97027e-06
 -2.01954e-06
 -2.11934e-06
 -2.33374e-06
 -2.54858e-06
 -2.66636e-06
 -2.75411e-06
 -2.90872e-06
 -3.09304e-06
 -3.22619e-06
 -3.33312e-06
 -3.47009e-06
 -3.62696e-06
 -3.77388e-06
 -3.94612e-06
 -4.17164e-06
 -4.41156e-06
 -4.65541e-06
 -4.94897e-06
 -5.28758e-06
 -5.56863e-06
 -5.74855e-06
 -5.93205e-06
 -6.19743e-06
 -6.44984e-06
 -6.58066e-06
 -6.66197e-06
 -6.87727e-06
 -7.27416e-06
 -7.73217e-06
 -8.09324e-06
 -8.30690e-06
 -8.45173e-06
 -8.65029e-06
 -8.95840e-06
 -9.30705e-06
 -9.60224e-06
 -9.83582e-06
 -1.00777e-05
 -1.03555e-05
 -1.06475e-05
 -1.09705e-05
 -1.13468e-05
 -1.17077e-05
 -1.19698e-05
 -1.21868e-05
 -1.24938e-05
 -1.29047e-05
 -1.33025e-05
 -1.36339e-05
 -1.39796e-05
 -1.44029e-05
 -1.48420e-05
 -1.52334e-05
 -1.56019e-05
 -1.59863e-05
 -1.63672e-05
 -1.67326e-05
 -1.71410e-05
 -1.76534e-05
 -1.82577e-05
 -1.89076e-05
 -1.95403e-05
 -2.01025e-05
 -2.06545e-05
 -2.13164e-05
   0.00298103 -2.09506e-05
 -2.02155e-05
 -1.95934e-05
 -1.90950e-05
 -1.86240e-05
 -1.81395e-05
 -1.76830e-05
 -1.72689e-05
 -1.68239e-05
 -1.63020e-05
 -1.58053e-05
 -1.54421e-05
 -1.51516e-05
 -1.48146e-05
 -1.44422e-05
 -1.41148e-05
 -1.38243e-05
 -1.35071e-05
 -1.31831e-05
 -1.28862e-05
 -1.25435e-05
 -1.20722e-05
 -1.15473e-05
 -1.11324e-05
 -1.08678e-05
 -1.06489e-05
 -1.03923e-05
 -1.01192e-05
 -9.86908e-06
 -9.63331e-06
 -9.38843e-06
 -9.11806e-06
 -8.80480e-06
 -8.49227e-06
 -8.26753e-06
 -8.14161e-06
 -7.98998e-06
 -7.71212e-06
 -7.37168e-06
 -7.09039e-06
 -6.87980e-06
 -6.63898e-06
 -6.33692e-06
 -6.03550e-06
 -5.77793e-06
 -5.54004e-06
 -5.31545e-06
 -5.13935e-06
 -5.00735e-06
 -4.85647e-06
 -4.64841e-06
 -4.40336e-06
 -4.15977e-06
 -3.91208e-06
 -3.63785e-06
 -3.35199e-06
 -3.10274e-06
 -2.93693e-06
 -2.84095e-06
 -2.75055e-06
 -2.60256e-06
 -2.40043e-06
 -2.20431e-06
 -2.05010e-06
 -1.91501e-06
 -1.75574e-06
 -1.56839e-06
 -1.38460e-06
 -1.24373e-06
 -1.16161e-06
 -1.10256e-06
 -1.01306e-06
 -8.67698e-07
 -6.86405e-07
 -5.17928e-07
 -3.98322e-07
 -3.40322e-07
 -3.22940e-07
 -2.83961e-07
 -1.66301e-07
  7.82222e-09
  1.25652e-07
  1.41163e-07
  1.48080e-07
  2.74243e-07
  5.12134e-07
  7.24437e-07
  8.12181e-07
  8.16636e-07
  8.46217e-07
  9.17493e-07
  9.37400e-07
  8.52364e-07
  7.41562e-07
  7.37216e-07
  8.51942e-07
  9.46688e-07
  9.15492e-07
  8.14127e-07
  7.69800e-07
  7.93478e-07
  7.94698e-07
  7.36380e-07
  6.87616e-07
  7.31114e-07
  8.45966e-07
  9.32295e-07
  9.08712e-07
  7.97805e-07
  7.02660e-07
  6.92822e-07
  7.22232e-07
  6.68880e-07
  4.93101e-07
  3.01937e-07
  2.12612e-07
  2.31287e-07
  2.85298e-07
  3.17109e-07
  3.00010e-07
  2.09482e-07
  6.10435e-08
 -9.19615e-08
 -2.02193e-07
 -2.99201e-07
 -4.41612e-07
 -6.28943e-07
 -8.01771e-07
 -9.07533e-07
 -9.49967e-07
 -9.82635e-07
 -1.08448e-06
 -1.28898e-06
 -1.52616e-06
 -1.70652e-06
 -1.82543e-06
 -1.94068e-06
 -2.07995e-06
 -2.22949e-06
 -2.40655e-06
 -2.62830e-06
 -2.83755e-06
 -2.96612e-06
 -3.07116e-06
 -3.28075e-06
 -3.57494e-06
 -3.79731e-06
 -3.88024e-06
 -3.94431e-06
 -4.10808e-06
 -4.34276e-06
 -4.57497e-06
 -4.78524e-06
 -4.98721e-06
 -5.19255e-06
 -5.45009e-06
 -5.81151e-06
 -6.21744e-06
 -6.53326e-06
 -6.73548e-06
 -6.92507e-06
 -7.16793e-06
 -7.42625e-06
 -7.70619e-06
 -8.05900e-06
 -8.44629e-06
 -8.73731e-06
 -8.89189e-06
 -9.03306e-06
 -9.26560e-06
 -9.56163e-06
 -9.84719e-06
 -1.01229e-05
 -1.04134e-05
 -1.07207e-05
 -1.10736e-05
 -1.15038e-05
 -1.19466e-05
 -1.22899e-05
 -1.25361e-05
 -1.28011e-05
 -1.31335e-05
 -1.34569e-05
 -1.37214e-05
 -1.39993e-05
 -1.43771e-05
 -1.48336e-05
 -1.53126e-05
 -1.58039e-05
 -1.63048e-05
 -1.67694e-05
 -1.71626e-05
 -1.75234e-05
 -1.79213e-05
 -1.83848e-05
 -1.89159e-05
 -1.94901e-05
 -2.00737e-05
 -2.07021e-05
 -2.14203e-05
   0.00894310 -2.10926e-05
 -2.04448e-05
 -1.97916e-05
 -1.91973e-05
 -1.86548e-05
 -1.81265e-05
 -1.76253e-05
 -1.71598e-05
 -1.67113e-05
 -1.63108e-05
 -1.59970e-05
 -1.57222e-05
 -1.53709e-05
 -1.48741e-05
 -1.43396e-05
 -1.39539e-05
 -1.37030e-05
 -1.34241e-05
 -1.30825e-05
 -1.27118e-05
 -1.23023e-05
 -1.18844e-05
 -1.15233e-05
 -1.12375e-05
 -1.09620e-05
 -1.06138e-05
 -1.02566e-05
 -1.00232e-05
 -9.88522e-06
 -9.70378e-06
 -9.42573e-06
 -9.14372e-06
 -8.89922e-06
 -8.64043e-06
 -8.35485e-06
 -8.04522e-06
 -7.68648e-06
 -7.34202e-06
 -7.09919e-06
 -6.94194e-06
 -6.78072e-06
 -6.53878e-06
 -6.29006e-06
 -6.14621e-06
 -5.99631e-06
 -5.67343e-06
 -5.27008e-06
 -5.00514e-06
 -4.91250e-06
 -4.80896e-06
 -4.58248e-06
 -4.31581e-06
 -4.11261e-06
 -3.96539e-06
 -3.78251e-06
 -3.50320e-06
 -3.17747e-06
 -2.86808e-06
 -2.60576e-06
 -2.44058e-06
 -2.35042e-06
 -2.27737e-06
 -2.22222e-06
 -2.14210e-06
 -1.97618e-06
 -1.77410e-06
 -1.62857e-06
 -1.54880e-06
 -1.44134e-06
 -1.21528e-06
 -9.23597e-07
 -7.06723e-07
 -6.56251e-07
 -7.24978e-07
 -7.71908e-07
 -7.04167e-07
 -5.17835e-07
 -3.02657e-07
 -1.84821e-07
 -1.22732e-07
  2.94087e-08
  2.41283e-07
  3.91253e-07
  4.40611e-07
  4.39045e-07
  4.64545e-07
  5.32516e-07
  6.21629e-07
  7.46455e-07
  8.66811e-07
  8.78350e-07
  7.78568e-07
  7.06084e-07
  7.59408e-07
  8.41591e-07
  8.32184e-07
  7.56293e-07
  6.85196e-07
  6.70146e-07
  7.35615e-07
  8.38027e-07
  9.36538e-07
  9.92306e-07
  9.53757e-07
  8.68243e-07
  8.02115e-07
  7.31546e-07
  6.49608e-07
  5.97606e-07
  5.76708e-07
  5.50294e-07
  4.97737e-07
  4.53573e-07
  4.40195e-07
  4.26416e-07
  3.72258e-07
  2.59841e-07
  1.38143e-07
  7.31430e-08
  4.94794e-08
  4.63323e-08
  5.46628e-08
 -3.23030e-09
 -1.47128e-07
 -3.21834e-07
 -4.94755e-07
 -6.41475e-07
 -7.75083e-07
 -9.51336e-07
 -1.15869e-06
 -1.32575e-06
 -1.41674e-06
 -1.46425e-06
 -1.53785e-06
 -1.66524e-06
 -1.83629e-06
 -2.00759e-06
 -2.14685e-06
 -2.30116e-06
 -2.51090e-06
 -2.74851e-06
 -2.97499e-06
 -3.11985e-06
 -3.16247e-06
 -3.21354e-06
 -3.34096e-06
 -3.52471e-06
 -3.75386e-06
 -4.01059e-06
 -4.25895e-06
 -4.46720e-06
 -4.63022e-06
 -4.79919e-06
 -5.03017e-06
 -5.31368e-06
 -5.60500e-06
 -5.87567e-06
 -6.14870e-06
 -6.42200e-06
 -6.67608e-06
 -6.95326e-06
 -7.25537e-06
 -7.51308e-06
 -7.72369e-06
 -7.91030e-06
 -8.09507e-06
 -8.32682e-06
 -8.60153e-06
 -8.88958e-06
 -9.19261e-06
 -9.52085e-06
 -9.88843e-06
 -1.02899e-05
 -1.06331e-05
 -1.08619e-05
 -1.10564e-05
 -1.13548e-05
 -1.17381e-05
 -1.20562e-05
 -1.23025e-05
 -1.26016e-05
 -1.30009e-05
 -1.34269e-05
 -1.37686e-05
 -1.40351e-05
 -1.43544e-05
 -1.47492e-05
 -1.51528e-05
 -1.55687e-05
 -1.60243e-05
 -1.65152e-05
 -1.70422e-05
 -1.75751e-05
 -1.80645e-05
 -1.85291e-05
 -1.90243e-05
 -1.95669e-05
 -2.01318e-05
 -2.06982e-05
 -2.12934e-05
    0.0149052 -2.10468e-05
 -2.04292e-05
 -1.97975e-05
 -1.92031e-05
 -1.86636e-05
 -1.81405e-05
 -1.76430e-05
 -1.71841e-05
 -1.67478e-05
 -1.63339e-05
 -1.59379e-05
 -1.56041e-05
 -1.53732e-05
 -1.51045e-05
 -1.46657e-05
 -1.41815e-05
 -1.37728e-05
 -1.33862e-05
 -1.30117e-05
 -1.26724e-05
 -1.23541e-05
 -1.20329e-05
 -1.16705e-05
 -1.13148e-05
 -1.10821e-05
 -1.09110e-05
 -1.06208e-05
 -1.02082e-05
 -9.81956e-06
 -9.50791e-06
 -9.22449e-06
 -8.94474e-06
 -8.64924e-06
 -8.34993e-06
 -8.12742e-06
 -7.98573e-06
 -7.81415e-06
 -7.57174e-06
 -7.27046e-06
 -6.95755e-06
 -6.72248e-06
 -6.52235e-06
 -6.30286e-06
 -6.13567e-06
 -5.98975e-06
 -5.71163e-06
 -5.31177e-06
 -4.96772e-06
 -4.76646e-06
 -4.62347e-06
 -4.42682e-06
 -4.15376e-06
 -3.88842e-06
 -3.72013e-06
 -3.62030e-06
 -3.50818e-06
 -3.36517e-06
 -3.16104e-06
 -2.89128e-06
 -2.67338e-06
 -2.49229e-06
 -2.23583e-06
 -1.97249e-06
 -1.81183e-06
 -1.72862e-06
 -1.63208e-06
 -1.46558e-06
 -1.27630e-06
 -1.16658e-06
 -1.12024e-06
 -1.00476e-06
 -7.89856e-07
 -5.89318e-07
 -4.87511e-07
 -4.92548e-07
 -5.68815e-07
 -5.81775e-07
 -4.35219e-07
 -2.51277e-07
 -1.33685e-07
 -1.99032e-08
  1.17599e-07
  2.94208e-07
  4.88568e-07
  6.15421e-07
  6.53991e-07
  6.26253e-07
  5.38982e-07
  4.88331e-07
  5.93791e-07
  7.73657e-07
  8.38585e-07
  7.88545e-07
  7.80404e-07
  8.82982e-07
  1.04052e-06
  1.14354e-06
  1.08539e-06
  9.01989e-07
  7.31451e-07
  6.25262e-07
  6.21168e-07
  7.05891e-07
  7.46246e-07
  7.27093e-07
  7.24304e-07
  7.02431e-07
  6.20106e-07
  5.43273e-07
  5.23281e-07
  5.22455e-07
  4.85416e-07
  4.05670e-07
  3.48007e-07
  3.81494e-07
  4.34831e-07
  3.52368e-07
  1.56561e-07
  8.34302e-09
 -6.79093e-08
 -1.38011e-07
 -2.41827e-07
 -4.24996e-07
 -5.88446e-07
 -6.19607e-07
 -5.93237e-07
 -6.06179e-07
 -6.73169e-07
 -8.00098e-07
 -9.60405e-07
 -1.10955e-06
 -1.27660e-06
 -1.50037e-06
 -1.71723e-06
 -1.85656e-06
 -1.95506e-06
 -2.08347e-06
 -2.27276e-06
 -2.50566e-06
 -2.68625e-06
 -2.78295e-06
 -2.94067e-06
 -3.19118e-06
 -3.40102e-06
 -3.53864e-06
 -3.61889e-06
 -3.66683e-06
 -3.76280e-06
 -3.95221e-06
 -4.21270e-06
 -4.49889e-06
 -4.74114e-06
 -4.91232e-06
 -5.10903e-06
 -5.40392e-06
 -5.70272e-06
 -5.90802e-06
 -6.08420e-06
 -6.29620e-06
 -6.51866e-06
 -6.75801e-06
 -7.01755e-06
 -7.28891e-06
 -7.62937e-06
 -8.00162e-06
 -8.31933e-06
 -8.60542e-06
 -8.86336e-06
 -9.07348e-06
 -9.28887e-06
 -9.55210e-06
 -9.84300e-06
 -1.01606e-05
 -1.04922e-05
 -1.07840e-05
 -1.10361e-05
 -1.13103e-05
 -1.15977e-05
 -1.18620e-05
 -1.21696e-05
 -1.25612e-05
 -1.29749e-05
 -1.33665e-05
 -1.37171e-05
 -1.40661e-05
 -1.45037e-05
 -1.49488e-05
 -1.52876e-05
 -1.56106e-05
 -1.59983e-05
 -1.63850e-05
 -1.67549e-05
 -1.71673e-05
 -1.76597e-05
 -1.82378e-05
 -1.88440e-05
 -1.94393e-05
 -2.00695e-05
 -2.07300e-05
 -2.13607e-05
    0.0208672 -2.11924e-05
 -2.04828e-05
 -1.98326e-05
 -1.92910e-05
 -1.87810e-05
 -1.82496e-05
 -1.77391e-05
 -1.72398e-05
 -1.67528e-05
 -1.63528e-05
 -1.60279e-05
 -1.57277e-05
 -1.54453e-05
 -1.50967e-05
 -1.46374e-05
 -1.41987e-05
 -1.38512e-05
 -1.35227e-05
 -1.31556e-05
 -1.27204e-05
 -1.22579e-05
 -1.19152e-05
 -1.17182e-05
 -1.15025e-05
 -1.11769e-05
 -1.07631e-05
 -1.03048e-05
 -9.93505e-06
 -9.73666e-06
 -9.58052e-06
 -9.35021e-06
 -9.08984e-06
 -8.84473e-06
 -8.63868e-06
 -8.46693e-06
 -8.22175e-06
 -7.85889e-06
 -7.51056e-06
 -7.23569e-06
 -6.95035e-06
 -6.63073e-06
 -6.30825e-06
 -6.04142e-06
 -5.92274e-06
 -5.89532e-06
 -5.76541e-06
 -5.51827e-06
 -5.26576e-06
 -5.00163e-06
 -4.70188e-06
 -4.40568e-06
 -4.11931e-06
 -3.87111e-06
 -3.70711e-06
 -3.56778e-06
 -3.40603e-06
 -3.25179e-06
 -3.06729e-06
 -2.81168e-06
 -2.57549e-06
 -2.39588e-06
 -2.21846e-06
 -2.05327e-06
 -1.89074e-06
 -1.68773e-06
 -1.52748e-06
 -1.48590e-06
 -1.45179e-06
 -1.33228e-06
 -1.15737e-06
 -9.64254e-07
 -8.03385e-07
 -6.91920e-07
 -5.60848e-07
 -4.35393e-07
 -4.03660e-07
 -3.89071e-07
 -3.01833e-07
 -2.20444e-07
 -1.72468e-07
 -7.10347e-08
  7.75569e-08
  2.44526e-07
  4.39920e-07
  6.07537e-07
  6.86501e-07
  7.01994e-07
  6.90945e-07
  7.15284e-07
  8.16174e-07
  8.66637e-07
  7.95023e-07
  7.85489e-07
  9.10967e-07
  9.61784e-07
  8.38834e-07
  6.80948e-07
  6.34550e-07
  7.21609e-07
  8.23493e-07
  8.01036e-07
  7.16296e-07
  7.07460e-07
  7.57832e-07
  8.26858e-07
  8.98716e-07
  8.67168e-07
  7.05771e-07
  5.74359e-07
  5.17027e-07
  4.31344e-07
  3.22569e-07
  2.56503e-07
  2.44794e-07
  2.84811e-07
  3.18316e-07
  2.82525e-07
  2.19008e-07
  1.30481e-07
 -4.55536e-08
 -2.23928e-07
 -2.80543e-07
 -2.97393e-07
 -3.66114e-07
 -4.68779e-07
 -6.14553e-07
 -7.84485e-07
 -8.90931e-07
 -9.59550e-07
 -1.08590e-06
 -1.26184e-06
 -1.45588e-06
 -1.64513e-06
 -1.77955e-06
 -1.89006e-06
 -2.02209e-06
 -2.11249e-06
 -2.19569e-06
 -2.41115e-06
 -2.69976e-06
 -2.89294e-06
 -3.01600e-06
 -3.16652e-06
 -3.35308e-06
 -3.56392e-06
 -3.74180e-06
 -3.82732e-06
 -3.87277e-06
 -3.95776e-06
 -4.11312e-06
 -4.38696e-06
 -4.72393e-06
 -4.96501e-06
 -5.14264e-06
 -5.40501e-06
 -5.69392e-06
 -5.90651e-06
 -6.12368e-06
 -6.41336e-06
 -6.72376e-06
 -6.99594e-06
 -7.22355e-06
 -7.48283e-06
 -7.83113e-06
 -8.12582e-06
 -8.25350e-06
 -8.37993e-06
 -8.64573e-06
 -8.95415e-06
 -9.22972e-06
 -9.50387e-06
 -9.77342e-06
 -1.00596e-05
 -1.04046e-05
 -1.07829e-05
 -1.11767e-05
 -1.15662e-05
 -1.18526e-05
 -1.20321e-05
 -1.22303e-05
 -1.24885e-05
 -1.28086e-05
 -1.32323e-05
 -1.36883e-05
 -1.40607e-05
 -1.43922e-05
 -1.47506e-05
 -1.51310e-05
 -1.55680e-05
 -1.60472e-05
 -1.64802e-05
 -1.68778e-05
 -1.72989e-05
 -1.77740e-05
 -1.83529e-05
 -1.89760e-05
 -1.95041e-05
 -1.99842e-05
 -2.05626e-05
 -2.12437e-05
    0.0268293 -2.11348e-05
 -2.04611e-05
 -1.98935e-05
 -1.94633e-05
 -1.90126e-05
 -1.84525e-05
 -1.78875e-05
 -1.73690e-05
 -1.68800e-05
 -1.64510e-05
 -1.60570e-05
 -1.56380e-05
 -1.52012e-05
 -1.47706e-05
 -1.44312e-05
 -1.42582e-05
 -1.40796e-05
 -1.36851e-05
 -1.31629e-05
 -1.27025e-05
 -1.23434e-05
 -1.20481e-05
 -1.17384e-05
 -1.13470e-05
 -1.09551e-05
 -1.06618e-05
 -1.04318e-05
 -1.02205e-05
 -9.99087e-06
 -9.66797e-06
 -9.29511e-06
 -8.99173e-06
 -8.74603e-06
 -8.52845e-06
 -8.37585e-06
 -8.22623e-06
 -7.99138e-06
 -7.71911e-06
 -7.44724e-06
 -7.13828e-06
 -6.81542e-06
 -6.49940e-06
 -6.18245e-06
 -5.90228e-06
 -5.65315e-06
 -5.38122e-06
 -5.15336e-06
 -5.01263e-06
 -4.84494e-06
 -4.61672e-06
 -4.41193e-06
 -4.21522e-06
 -3.98110e-06
 -3.73983e-06
 -3.48783e-06
 -3.23563e-06
 -3.05987e-06
 -2.95979e-06
 -2.86344e-06
 -2.74206e-06
 -2.54895e-06
 -2.28597e-06
 -2.07281e-06
 -1.92315e-06
 -1.74580e-06
 -1.60296e-06
 -1.57664e-06
 -1.54385e-06
 -1.40776e-06
 -1.23684e-06
 -1.09208e-06
 -9.77639e-07
 -8.54958e-07
 -6.60759e-07
 -4.51731e-07
 -3.29425e-07
 -2.40596e-07
 -1.37291e-07
 -9.94866e-08
 -1.10431e-07
 -7.26276e-08
 -2.45195e-08
  2.22396e-08
  1.57522e-07
  3.59153e-07
  5.14752e-07
  6.01058e-07
  6.50877e-07
  7.10112e-07
  7.87983e-07
  7.78517e-07
  6.57111e-07
  5.93105e-07
  6.36735e-07
  6.60155e-07
  6.61951e-07
  7.00856e-07
  7.21278e-07
  6.93340e-07
  6.54995e-07
  5.93302e-07
  5.27886e-07
  5.20802e-07
  5.60916e-07
  6.27271e-07
  6.96944e-07
  7.01425e-07
  6.75212e-07
  7.28776e-07
  7.72882e-07
  6.78603e-07
  5.55063e-07
  5.07275e-07
  4.50479e-07
  3.28935e-07
  1.88114e-07
  8.45668e-08
  5.94780e-08
  5.92923e-08
 -3.19903e-09
 -7.79771e-08
 -1.15973e-07
 -2.23491e-07
 -4.08524e-07
 -5.52166e-07
 -6.50596e-07
 -7.44185e-07
 -8.02816e-07
 -8.73694e-07
 -1.03672e-06
 -1.24677e-06
 -1.44507e-06
 -1.61042e-06
 -1.70476e-06
 -1.76689e-06
 -1.86713e-06
 -1.97140e-06
 -2.08630e-06
 -2.28009e-06
 -2.47781e-06
 -2.58301e-06
 -2.69057e-06
 -2.90099e-06
 -3.19155e-06
 -3.50668e-06
 -3.72524e-06
 -3.77050e-06
 -3.80123e-06
 -4.00266e-06
 -4.31018e-06
 -4.55508e-06
 -4.66350e-06
 -4.72543e-06
 -4.96251e-06
 -5.42216e-06
 -5.83812e-06
 -6.04921e-06
 -6.20600e-06
 -6.42834e-06
 -6.69689e-06
 -6.98969e-06
 -7.27087e-06
 -7.52114e-06
 -7.79953e-06
 -8.10176e-06
 -8.38172e-06
 -8.66800e-06
 -8.94494e-06
 -9.14043e-06
 -9.29903e-06
 -9.48556e-06
 -9.67492e-06
 -9.92260e-06
 -1.03094e-05
 -1.07431e-05
 -1.11129e-05
 -1.14325e-05
 -1.17364e-05
 -1.20761e-05
 -1.24889e-05
 -1.28845e-05
 -1.31945e-05
 -1.34805e-05
 -1.37621e-05
 -1.40379e-05
 -1.44088e-05
 -1.48937e-05
 -1.53735e-05
 -1.58075e-05
 -1.62090e-05
 -1.65782e-05
 -1.69714e-05
 -1.73987e-05
 -1.78258e-05
 -1.83259e-05
 -1.89270e-05
 -1.95127e-05
 -2.00608e-05
 -2.06610e-05
 -2.13297e-05
    0.0327914 -2.13145e-05
 -2.07004e-05
 -2.00879e-05
 -1.95410e-05
 -1.90286e-05
 -1.84792e-05
 -1.79242e-05
 -1.74015e-05
 -1.68956e-05
 -1.64190e-05
 -1.60027e-05
 -1.56790e-05
 -1.54270e-05
 -1.50775e-05
 -1.45540e-05
 -1.40625e-05
 -1.37532e-05
 -1.35184e-05
 -1.32318e-05
 -1.28247e-05
 -1.23319e-05
 -1.19112e-05
 -1.16242e-05
 -1.13890e-05
 -1.11155e-05
 -1.07504e-05
 -1.03274e-05
 -9.95664e-06
 -9.66781e-06
 -9.37190e-06
 -9.06920e-06
 -8.86761e-06
 -8.75594e-06
 -8.61871e-06
 -8.42869e-06
 -8.19408e-06
 -7.89799e-06
 -7.59250e-06
 -7.30163e-06
 -6.98415e-06
 -6.65812e-06
 -6.33420e-06
 -6.06942e-06
 -5.93976e-06
 -5.82690e-06
 -5.56769e-06
 -5.25013e-06
 -5.04383e-06
 -4.89833e-06
 -4.66724e-06
 -4.36234e-06
 -4.09267e-06
 -3.89140e-06
 -3.71970e-06
 -3.55161e-06
 -3.41715e-06
 -3.33308e-06
 -3.18428e-06
 -2.90852e-06
 -2.67192e-06
 -2.52945e-06
 -2.35413e-06
 -2.13384e-06
 -1.93611e-06
 -1.79445e-06
 -1.72235e-06
 -1.69001e-06
 -1.64355e-06
 -1.55826e-06
 -1.41687e-06
 -1.21261e-06
 -9.98873e-07
 -8.23371e-07
 -6.56963e-07
 -5.09938e-07
 -4.63811e-07
 -4.64212e-07
 -3.67901e-07
 -2.12514e-07
 -1.04284e-07
 -5.03488e-08
 -3.42339e-08
  3.75966e-08
  2.05560e-07
  3.61542e-07
  4.54060e-07
  5.37774e-07
  6.31397e-07
  7.16191e-07
  7.74059e-07
  7.75596e-07
  7.47190e-07
  7.85457e-07
  8.87894e-07
  9.22652e-07
  8.54246e-07
  7.74719e-07
  7.12592e-07
  6.58171e-07
  6.28814e-07
  6.06739e-07
  6.35431e-07
  7.41361e-07
  8.14993e-07
  8.23829e-07
  8.21350e-07
  8.03067e-07
  7.74375e-07
  7.62990e-07
  7.24684e-07
  6.26886e-07
  5.47448e-07
  5.42439e-07
  5.40771e-07
  4.67357e-07
  3.43161e-07
  2.34563e-07
  1.91100e-07
  1.60880e-07
  2.06194e-08
 -1.79176e-07
 -2.82256e-07
 -3.27731e-07
 -3.82819e-07
 -4.46859e-07
 -5.51318e-07
 -6.94962e-07
 -8.47172e-07
 -1.01577e-06
 -1.18653e-06
 -1.33135e-06
 -1.49352e-06
 -1.71132e-06
 -1.91379e-06
 -2.02300e-06
 -2.05706e-06
 -2.07014e-06
 -2.13619e-06
 -2.34777e-06
 -2.66113e-06
 -2.92641e-06
 -3.10788e-06
 -3.22496e-06
 -3.33028e-06
 -3.53949e-06
 -3.80187e-06
 -3.97212e-06
 -4.06823e-06
 -4.19858e-06
 -4.40604e-06
 -4.66324e-06
 -4.90615e-06
 -5.09907e-06
 -5.28867e-06
 -5.52181e-06
 -5.76760e-06
 -6.00986e-06
 -6.28176e-06
 -6.54357e-06
 -6.74745e-06
 -6.99084e-06
 -7.33877e-06
 -7.71591e-06
 -8.07453e-06
 -8.35048e-06
 -8.51467e-06
 -8.65371e-06
 -8.80977e-06
 -8.96967e-06
 -9.16920e-06
 -9.43209e-06
 -9.74072e-06
 -1.00919e-05
 -1.04449e-05
 -1.07231e-05
 -1.09751e-05
 -1.13289e-05
 -1.17481e-05
 -1.20695e-05
 -1.22791e-05
 -1.24982e-05
 -1.28183e-05
 -1.32584e-05
 -1.37151e-05
 -1.40992e-05
 -1.44621e-05
 -1.48024e-05
 -1.51130e-05
 -1.55086e-05
 -1.60006e-05
 -1.64408e-05
 -1.67920e-05
 -1.71538e-05
 -1.76283e-05
 -1.82462e-05
 -1.89092e-05
 -1.95034e-05
 -2.00484e-05
 -2.06002e-05
 -2.11784e-05
    0.0387534 -2.13688e-05
 -2.06334e-05
 -1.99508e-05
 -1.93166e-05
 -1.87500e-05
 -1.82879e-05
 -1.79056e-05
 -1.75167e-05
 -1.70814e-05
 -1.66337e-05
 -1.61861e-05
 -1.57484e-05
 -1.53675e-05
 -1.50023e-05
 -1.45530e-05
 -1.40768e-05
 -1.37339e-05
 -1.35405e-05
 -1.33372e-05
 -1.29652e-05
 -1.24896e-05
 -1.20999e-05
 -1.17800e-05
 -1.13925e-05
 -1.09607e-05
 -1.05924e-05
 -1.02985e-05
 -1.00208e-05
 -9.76308e-06
 -9.56508e-06
 -9.38544e-06
 -9.15684e-06
 -8.87293e-06
 -8.57479e-06
 -8.28741e-06
 -7.98271e-06
 -7.65512e-06
 -7.36438e-06
 -7.09728e-06
 -6.81332e-06
 -6.59388e-06
 -6.47273e-06
 -6.33973e-06
 -6.09356e-06
 -5.74273e-06
 -5.40957e-06
 -5.20006e-06
 -5.08157e-06
 -4.95356e-06
 -4.76772e-06
 -4.56277e-06
 -4.39831e-06
 -4.25519e-06
 -4.05240e-06
 -3.73402e-06
 -3.37300e-06
 -3.12760e-06
 -2.99158e-06
 -2.80825e-06
 -2.55890e-06
 -2.33682e-06
 -2.19425e-06
 -2.12933e-06
 -2.08714e-06
 -2.02281e-06
 -1.90612e-06
 -1.68896e-06
 -1.41547e-06
 -1.22517e-06
 -1.15209e-06
 -1.09475e-06
 -9.79693e-07
 -8.67217e-07
 -8.11335e-07
 -7.64173e-07
 -6.88328e-07
 -5.75457e-07
 -4.10020e-07
 -2.30455e-07
 -9.37820e-08
 -1.80763e-08
  1.74622e-08
  1.02974e-07
  2.40142e-07
  3.07375e-07
  3.09935e-07
  3.86082e-07
  5.62615e-07
  7.19518e-07
  7.66180e-07
  7.59556e-07
  7.97286e-07
  8.64152e-07
  8.81733e-07
  8.14946e-07
  7.26977e-07
  6.99095e-07
  7.21243e-07
  7.58441e-07
  7.93325e-07
  7.90107e-07
  7.90520e-07
  8.54924e-07
  9.15287e-07
  8.97163e-07
  8.17023e-07
  7.30333e-07
  6.80523e-07
  6.46252e-07
  5.85702e-07
  5.30475e-07
  5.15895e-07
  4.96177e-07
  3.80353e-07
  1.74143e-07
  1.13822e-08
 -9.09517e-09
  8.85568e-08
  1.81617e-07
  1.34348e-07
 -2.38457e-08
 -1.43970e-07
 -1.93749e-07
 -2.27283e-07
 -3.15660e-07
 -5.13817e-07
 -7.68425e-07
 -9.78495e-07
 -1.11197e-06
 -1.19531e-06
 -1.29001e-06
 -1.44215e-06
 -1.62089e-06
 -1.76909e-06
 -1.87626e-06
 -2.01109e-06
 -2.22041e-06
 -2.47406e-06
 -2.72921e-06
 -2.92272e-06
 -3.01032e-06
 -3.06615e-06
 -3.16546e-06
 -3.31664e-06
 -3.52741e-06
 -3.76076e-06
 -3.97408e-06
 -4.17261e-06
 -4.35303e-06
 -4.52630e-06
 -4.73180e-06
 -4.95313e-06
 -5.13704e-06
 -5.27669e-06
 -5.42888e-06
 -5.64360e-06
 -5.92766e-06
 -6.28512e-06
 -6.66936e-06
 -6.97060e-06
 -7.16913e-06
 -7.34706e-06
 -7.59187e-06
 -7.91830e-06
 -8.19799e-06
 -8.34649e-06
 -8.47165e-06
 -8.67966e-06
 -8.96813e-06
 -9.31096e-06
 -9.67687e-06
 -1.00164e-05
 -1.02990e-05
 -1.05389e-05
 -1.07941e-05
 -1.10997e-05
 -1.14390e-05
 -1.17714e-05
 -1.20778e-05
 -1.23962e-05
 -1.27349e-05
 -1.30540e-05
 -1.33456e-05
 -1.35983e-05
 -1.38334e-05
 -1.41480e-05
 -1.45540e-05
 -1.49765e-05
 -1.54114e-05
 -1.58959e-05
 -1.64048e-05
 -1.68754e-05
 -1.72974e-05
 -1.77636e-05
 -1.83461e-05
 -1.89446e-05
 -1.94335e-05
 -1.98822e-05
 -2.04501e-05
 -2.11608e-05
    0.0447155 -2.10940e-05
 -2.03515e-05
 -1.97367e-05
 -1.91991e-05
 -1.86360e-05
 -1.80869e-05
 -1.76435e-05
 -1.73006e-05
 -1.69576e-05
 -1.65473e-05
 -1.61048e-05
 -1.56715e-05
 -1.52347e-05
 -1.48150e-05
 -1.44681e-05
 -1.41855e-05
 -1.38870e-05
 -1.35201e-05
 -1.31282e-05
 -1.27770e-05
 -1.24808e-05
 -1.21998e-05
 -1.18803e-05
 -1.14971e-05
 -1.10830e-05
 -1.07074e-05
 -1.04026e-05
 -1.01531e-05
 -9.95132e-06
 -9.78783e-06
 -9.62276e-06
 -9.39127e-06
 -9.07847e-06
 -8.75915e-06
 -8.48183e-06
 -8.20136e-06
 -7.87394e-06
 -7.55963e-06
 -7.33703e-06
 -7.16870e-06
 -6.95427e-06
 -6.67055e-06
 -6.40861e-06
 -6.23388e-06
 -6.09204e-06
 -5.89052e-06
 -5.62740e-06
 -5.39512e-06
 -5.23989e-06
 -5.10272e-06
 -4.89837e-06
 -4.61946e-06
 -4.34716e-06
 -4.13678e-06
 -3.94311e-06
 -3.68999e-06
 -3.37008e-06
 -3.07196e-06
 -2.88108e-06
 -2.79758e-06
 -2.71700e-06
 -2.54969e-06
 -2.33720e-06
 -2.18532e-06
 -2.11183e-06
 -2.00641e-06
 -1.78827e-06
 -1.52336e-06
 -1.34001e-06
 -1.26386e-06
 -1.20794e-06
 -1.12298e-06
 -1.03575e-06
 -9.53202e-07
 -8.38172e-07
 -6.72987e-07
 -4.92944e-07
 -3.34700e-07
 -2.04338e-07
 -1.07290e-07
 -4.39168e-08
  3.29044e-09
  7.90528e-08
  1.93380e-07
  3.22014e-07
  4.41184e-07
  5.40241e-07
  6.12632e-07
  6.74862e-07
  7.77810e-07
  9.19471e-07
  1.00038e-06
  9.39993e-07
  7.88358e-07
  6.78703e-07
  6.76050e-07
  7.33307e-07
  7.98714e-07
  8.67898e-07
  9.46405e-07
  1.00769e-06
  1.02963e-06
  1.01569e-06
  9.71940e-07
  9.04734e-07
  8.17645e-07
  7.25937e-07
  6.62897e-07
  6.69547e-07
  7.20539e-07
  7.03277e-07
  5.58128e-07
  3.86415e-07
  3.39926e-07
  4.05887e-07
  4.05735e-07
  2.52461e-07
  6.94875e-08
  1.15670e-08
  8.33583e-08
  1.69538e-07
  1.72863e-07
  4.86071e-08
 -1.61192e-07
 -3.51799e-07
 -4.65211e-07
 -5.83939e-07
 -8.11523e-07
 -1.08367e-06
 -1.24405e-06
 -1.28061e-06
 -1.34019e-06
 -1.48236e-06
 -1.60333e-06
 -1.67381e-06
 -1.82390e-06
 -2.11746e-06
 -2.42983e-06
 -2.62859e-06
 -2.74379e-06
 -2.85472e-06
 -2.96923e-06
 -3.08183e-06
 -3.24115e-06
 -3.46471e-06
 -3.66088e-06
 -3.78416e-06
 -3.92453e-06
 -4.17115e-06
 -4.46449e-06
 -4.69822e-06
 -4.86922e-06
 -5.03452e-06
 -5.22500e-06
 -5.44860e-06
 -5.70954e-06
 -5.99101e-06
 -6.25187e-06
 -6.50526e-06
 -6.81541e-06
 -7.18499e-06
 -7.52678e-06
 -7.76622e-06
 -7.92496e-06
 -8.05605e-06
 -8.21023e-06
 -8.45499e-06
 -8.81941e-06
 -9.22206e-06
 -9.54079e-06
 -9.77341e-06
 -1.00206e-05
 -1.03495e-05
 -1.07308e-05
 -1.11002e-05
 -1.14317e-05
 -1.17070e-05
 -1.19334e-05
 -1.21914e-05
 -1.25501e-05
 -1.29520e-05
 -1.32777e-05
 -1.35119e-05
 -1.37551e-05
 -1.40795e-05
 -1.44741e-05
 -1.48976e-05
 -1.53264e-05
 -1.57410e-05
 -1.61567e-05
 -1.66348e-05
 -1.71847e-05
 -1.77325e-05
 -1.82124e-05
 -1.86493e-05
 -1.91192e-05
 -1.96312e-05
 -2.01529e-05
 -2.07494e-05
 -2.14791e-05
    0.0506776 -2.12866e-05
 -2.04956e-05
 -1.98097e-05
 -1.92668e-05
 -1.88428e-05
 -1.84351e-05
 -1.79372e-05
 -1.73963e-05
 -1.69344e-05
 -1.65559e-05
 -1.61799e-05
 -1.57787e-05
 -1.53768e-05
 -1.49858e-05
 -1.46037e-05
 -1.42566e-05
 -1.39621e-05
 -1.36741e-05
 -1.33492e-05
 -1.29908e-05
 -1.26065e-05
 -1.21731e-05
 -1.17015e-05
 -1.12751e-05
 -1.09499e-05
 -1.06780e-05
 -1.03895e-05
 -1.01052e-05
 -9.89037e-06
 -9.72051e-06
 -9.51707e-06
 -9.23919e-06
 -8.89805e-06
 -8.54550e-06
 -8.24395e-06
 -8.02133e-06
 -7.82708e-06
 -7.59181e-06
 -7.31395e-06
 -7.04804e-06
 -6.82213e-06
 -6.60199e-06
 -6.36837e-06
 -6.12400e-06
 -5.84443e-06
 -5.53188e-06
 -5.28627e-06
 -5.19893e-06
 -5.15838e-06
 -4.95924e-06
 -4.60013e-06
 -4.29687e-06
 -4.17025e-06
 -4.06817e-06
 -3.80322e-06
 -3.42597e-06
 -3.12287e-06
 -2.96259e-06
 -2.85673e-06
 -2.73947e-06
 -2.61271e-06
 -2.48978e-06
 -2.37135e-06
 -2.23206e-06
 -2.03367e-06
 -1.76153e-06
 -1.48601e-06
 -1.31208e-06
 -1.25511e-06
 -1.21716e-06
 -1.11373e-06
 -9.84561e-07
 -8.99546e-07
 -8.31600e-07
 -7.17287e-07
 -5.73592e-07
 -4.78538e-07
 -4.39405e-07
 -3.70605e-07
 -2.19323e-07
 -4.61493e-08
  3.92300e-08
  4.36766e-08
  7.90002e-08
  2.20796e-07
  4.20193e-07
  5.79568e-07
  6.71484e-07
  7.38891e-07
  8.17575e-07
  8.80548e-07
  8.77473e-07
  8.02602e-07
  6.96593e-07
  6.26548e-07
  6.42649e-07
  7.23188e-07
  7.94008e-07
  8.02681e-07
  7.77166e-07
  7.64337e-07
  7.70207e-07
  7.67280e-07
  7.35998e-07
  6.87778e-07
  6.35187e-07
  5.99615e-07
  6.02327e-07
  6.30532e-07
  6.21307e-07
  5.32386e-07
  4.12224e-07
  3.24607e-07
  2.59444e-07
  1.72782e-07
  7.24847e-08
  1.83408e-08
  2.33904e-08
  2.26359e-08
 -4.23903e-08
 -1.53278e-07
 -2.38647e-07
 -2.83561e-07
 -3.45119e-07
 -5.06908e-07
 -7.78721e-07
 -1.05473e-06
 -1.21023e-06
 -1.23301e-06
 -1.22954e-06
 -1.29057e-06
 -1.42205e-06
 -1.58958e-06
 -1.76473e-06
 -1.94095e-06
 -2.12268e-06
 -2.32281e-06
 -2.54562e-06
 -2.75465e-06
 -2.91574e-06
 -3.04481e-06
 -3.19163e-06
 -3.35826e-06
 -3.51843e-06
 -3.68996e-06
 -3.87466e-06
 -4.02598e-06
 -4.12367e-06
 -4.25080e-06
 -4.48333e-06
 -4.75680e-06
 -4.94740e-06
 -5.04831e-06
 -5.17763e-06
 -5.40767e-06
 -5.70420e-06
 -6.03857e-06
 -6.39873e-06
 -6.72394e-06
 -6.94459e-06
 -7.10388e-06
 -7.32097e-06
 -7.62010e-06
 -7.91879e-06
 -8.15114e-06
 -8.34360e-06
 -8.55423e-06
 -8.80694e-06
 -9.10825e-06
 -9.43585e-06
 -9.72735e-06
 -9.93937e-06
 -1.01344e-05
 -1.04090e-05
 -1.07627e-05
 -1.11456e-05
 -1.15295e-05
 -1.18814e-05
 -1.21523e-05
 -1.23644e-05
 -1.26381e-05
 -1.30235e-05
 -1.33965e-05
 -1.36433e-05
 -1.38583e-05
 -1.42208e-05
 -1.47199e-05
 -1.52052e-05
 -1.56282e-05
 -1.60690e-05
 -1.65555e-05
 -1.70173e-05
 -1.74392e-05
 -1.78778e-05
 -1.83350e-05
 -1.87833e-05
 -1.92613e-05
 -1.98364e-05
 -2.05439e-05
 -2.13452e-05
    0.0566397 -2.08881e-05
 -2.02897e-05
 -1.98909e-05
 -1.94966e-05
 -1.89804e-05
 -1.83943e-05
 -1.78535e-05
 -1.73860e-05
 -1.69488e-05
 -1.65118e-05
 -1.60469e-05
 -1.55696e-05
 -1.51721e-05
 -1.48814e-05
 -1.46127e-05
 -1.43126e-05
 -1.39771e-05
 -1.36064e-05
 -1.32211e-05
 -1.28206e-05
 -1.24283e-05
 -1.21001e-05
 -1.17938e-05
 -1.14386e-05
 -1.10735e-05
 -1.07533e-05
 -1.04642e-05
 -1.01734e-05
 -9.89328e-06
 -9.64570e-06
 -9.39661e-06
 -9.11628e-06
 -8.83643e-06
 -8.62266e-06
 -8.48959e-06
 -8.32263e-06
 -8.02758e-06
 -7.71100e-06
 -7.48681e-06
 -7.29934e-06
 -7.04156e-06
 -6.67090e-06
 -6.28576e-06
 -6.03917e-06
 -5.91989e-06
 -5.81021e-06
 -5.65809e-06
 -5.46712e-06
 -5.23701e-06
 -4.97313e-06
 -4.71987e-06
 -4.51646e-06
 -4.33499e-06
 -4.14751e-06
 -3.95491e-06
 -3.76452e-06
 -3.58426e-06
 -3.37907e-06
 -3.13942e-06
 -2.94688e-06
 -2.79657e-06
 -2.60003e-06
 -2.36807e-06
 -2.15812e-06
 -1.99736e-06
 -1.89078e-06
 -1.81684e-06
 -1.76053e-06
 -1.71178e-06
 -1.63206e-06
 -1.50318e-06
 -1.33663e-06
 -1.15127e-06
 -9.51402e-07
 -7.62429e-07
 -6.49699e-07
 -5.97870e-07
 -5.21745e-07
 -4.28853e-07
 -3.64659e-07
 -3.16586e-07
 -2.59737e-07
 -1.34693e-07
  6.77553e-08
  2.52071e-07
  3.57527e-07
  4.11850e-07
  4.73043e-07
  5.83607e-07
  6.98221e-07
  7.29501e-07
  6.87334e-07
  6.77933e-07
  7.55704e-07
  8.24656e-07
  8.03221e-07
  7.40537e-07
  6.95747e-07
  6.88669e-07
  7.14737e-07
  7.22403e-07
  6.99002e-07
  6.73916e-07
  6.63015e-07
  7.09228e-07
  7.98431e-07
  8.34045e-07
  8.06028e-07
  7.77547e-07
  7.29954e-07
  6.06753e-07
  4.43460e-07
  3.54902e-07
  3.57110e-07
  3.55541e-07
  3.14500e-07
  2.68769e-07
  2.23064e-07
  1.16870e-07
 -7.21716e-08
 -2.07030e-07
 -1.85806e-07
 -1.56959e-07
 -2.56129e-07
 -4.28418e-07
 -5.77005e-07
 -6.61556e-07
 -7.12732e-07
 -8.05953e-07
 -9.92376e-07
 -1.27079e-06
 -1.55764e-06
 -1.73893e-06
 -1.82911e-06
 -1.95188e-06
 -2.15917e-06
 -2.33575e-06
 -2.38898e-06
 -2.42274e-06
 -2.54699e-06
 -2.73643e-06
 -2.97762e-06
 -3.26599e-06
 -3.54253e-06
 -3.74739e-06
 -3.84933e-06
 -3.91682e-06
 -4.06547e-06
 -4.28401e-06
 -4.48656e-06
 -4.64810e-06
 -4.78883e-06
 -4.96815e-06
 -5.26017e-06
 -5.65267e-06
 -5.99578e-06
 -6.16729e-06
 -6.27574e-06
 -6.50272e-06
 -6.83905e-06
 -7.16642e-06
 -7.43145e-06
 -7.69468e-06
 -8.01926e-06
 -8.31951e-06
 -8.53257e-06
 -8.76945e-06
 -9.08114e-06
 -9.36253e-06
 -9.54073e-06
 -9.66215e-06
 -9.83291e-06
 -1.01259e-05
 -1.05245e-05
 -1.09571e-05
 -1.13530e-05
 -1.16986e-05
 -1.20252e-05
 -1.23425e-05
 -1.26385e-05
 -1.28891e-05
 -1.31264e-05
 -1.34455e-05
 -1.38334e-05
 -1.42028e-05
 -1.45764e-05
 -1.49922e-05
 -1.54164e-05
 -1.58173e-05
 -1.61912e-05
 -1.65698e-05
 -1.70046e-05
 -1.75016e-05
 -1.80334e-05
 -1.85735e-05
 -1.90812e-05
 -1.95853e-05
 -2.02149e-05
 -2.10131e-05
 -2.18156e-05
    0.0626017 -2.11509e-05
 -2.05112e-05
 -2.00287e-05
 -1.95835e-05
 -1.90542e-05
 -1.84685e-05
 -1.79385e-05
 -1.74597e-05
 -1.69848e-05
 -1.65666e-05
 -1.62177e-05
 -1.58797e-05
 -1.55373e-05
 -1.51665e-05
 -1.47560e-05
 -1.43721e-05
 -1.39957e-05
 -1.35425e-05
 -1.30726e-05
 -1.26733e-05
 -1.23786e-05
 -1.21865e-05
 -1.19763e-05
 -1.16362e-05
 -1.12416e-05
 -1.09035e-05
 -1.06058e-05
 -1.02899e-05
 -9.94323e-06
 -9.57560e-06
 -9.23459e-06
 -8.96968e-06
 -8.75787e-06
 -8.58012e-06
 -8.46568e-06
 -8.33736e-06
 -8.06777e-06
 -7.71556e-06
 -7.40635e-06
 -7.17338e-06
 -6.98901e-06
 -6.72712e-06
 -6.34462e-06
 -6.00377e-06
 -5.81455e-06
 -5.70931e-06
 -5.59404e-06
 -5.41033e-06
 -5.12814e-06
 -4.80972e-06
 -4.56028e-06
 -4.38739e-06
 -4.23626e-06
 -4.09504e-06
 -3.95212e-06
 -3.78503e-06
 -3.60823e-06
 -3.40113e-06
 -3.14852e-06
 -2.92984e-06
 -2.72751e-06
 -2.47692e-06
 -2.26104e-06
 -2.13630e-06
 -2.04582e-06
 -1.95452e-06
 -1.86024e-06
 -1.75885e-06
 -1.67161e-06
 -1.60909e-06
 -1.53146e-06
 -1.41044e-06
 -1.25293e-06
 -1.06629e-06
 -8.94586e-07
 -7.98271e-07
 -7.32612e-07
 -6.43624e-07
 -5.99017e-07
 -5.70210e-07
 -4.08642e-07
 -1.53788e-07
  4.87269e-08
  1.13910e-07
  7.25610e-08
  7.55631e-08
  2.05134e-07
  3.55506e-07
  4.22161e-07
  4.24997e-07
  4.10678e-07
  4.29965e-07
  5.52711e-07
  7.32044e-07
  8.00650e-07
  7.18733e-07
  6.14742e-07
  5.71495e-07
  5.94273e-07
  6.44750e-07
  6.25773e-07
  5.50494e-07
  5.13260e-07
  5.25482e-07
  5.96064e-07
  6.94044e-07
  7.07819e-07
  6.37956e-07
  5.99351e-07
  6.01057e-07
  5.68949e-07
  5.13799e-07
  4.77053e-07
  4.30185e-07
  3.52965e-07
  2.78585e-07
  2.20376e-07
  1.59280e-07
  5.37531e-08
 -1.21164e-07
 -2.65209e-07
 -2.91335e-07
 -2.99799e-07
 -3.12952e-07
 -2.86311e-07
 -3.24287e-07
 -5.12097e-07
 -7.53168e-07
 -9.32731e-07
 -1.06655e-06
 -1.24443e-06
 -1.48731e-06
 -1.70091e-06
 -1.82156e-06
 -1.93909e-06
 -2.13064e-06
 -2.29681e-06
 -2.36698e-06
 -2.46262e-06
 -2.64940e-06
 -2.84966e-06
 -3.06743e-06
 -3.31527e-06
 -3.52251e-06
 -3.65868e-06
 -3.72958e-06
 -3.81025e-06
 -4.00108e-06
 -4.25747e-06
 -4.48080e-06
 -4.70319e-06
 -4.97755e-06
 -5.26096e-06
 -5.52736e-06
 -5.79065e-06
 -6.00102e-06
 -6.13462e-06
 -6.30216e-06
 -6.58210e-06
 -6.90509e-06
 -7.19441e-06
 -7.43656e-06
 -7.70080e-06
 -8.08783e-06
 -8.49004e-06
 -8.74247e-06
 -8.90529e-06
 -9.09814e-06
 -9.34415e-06
 -9.62412e-06
 -9.87829e-06
 -1.00667e-05
 -1.02800e-05
 -1.06214e-05
 -1.10269e-05
 -1.13735e-05
 -1.16498e-05
 -1.19254e-05
 -1.22534e-05
 -1.26275e-05
 -1.29641e-05
 -1.32390e-05
 -1.35632e-05
 -1.39608e-05
 -1.43567e-05
 -1.47609e-05
 -1.51337e-05
 -1.54063e-05
 -1.56641e-05
 -1.60145e-05
 -1.64519e-05
 -1.69403e-05
 -1.74521e-05
 -1.80031e-05
 -1.86272e-05
 -1.92287e-05
 -1.97139e-05
 -2.02151e-05
 -2.08833e-05
 -2.16327e-05
    0.0685638 -2.14886e-05
 -2.06909e-05
 -1.99405e-05
 -1.93731e-05
 -1.88994e-05
 -1.84433e-05
 -1.80697e-05
 -1.77308e-05
 -1.73047e-05
 -1.68240e-05
 -1.63747e-05
 -1.59810e-05
 -1.56094e-05
 -1.51823e-05
 -1.47152e-05
 -1.43053e-05
 -1.39107e-05
 -1.34891e-05
 -1.31657e-05
 -1.29537e-05
 -1.26758e-05
 -1.22751e-05
 -1.18457e-05
 -1.14468e-05
 -1.11040e-05
 -1.08080e-05
 -1.05089e-05
 -1.02343e-05
 -1.00123e-05
 -9.76993e-06
 -9.49485e-06
 -9.22997e-06
 -8.92417e-06
 -8.58312e-06
 -8.30510e-06
 -8.06677e-06
 -7.80803e-06
 -7.60784e-06
 -7.48130e-06
 -7.29369e-06
 -6.99831e-06
 -6.68394e-06
 -6.45847e-06
 -6.33301e-06
 -6.14045e-06
 -5.73924e-06
 -5.30109e-06
 -5.05275e-06
 -4.93443e-06
 -4.80146e-06
 -4.61678e-06
 -4.37618e-06
 -4.15104e-06
 -4.03163e-06
 -3.92927e-06
 -3.71835e-06
 -3.44269e-06
 -3.21131e-06
 -3.07098e-06
 -2.99451e-06
 -2.85652e-06
 -2.61335e-06
 -2.40968e-06
 -2.28933e-06
 -2.12457e-06
 -1.90370e-06
 -1.71783e-06
 -1.56296e-06
 -1.44489e-06
 -1.40349e-06
 -1.39421e-06
 -1.37357e-06
 -1.33304e-06
 -1.22089e-06
 -1.04862e-06
 -8.91988e-07
 -7.44142e-07
 -5.95606e-07
 -4.92232e-07
 -3.78074e-07
 -1.86459e-07
 -3.37942e-08
  3.88496e-09
  1.19285e-08
  4.53367e-08
  1.04328e-07
  2.10734e-07
  3.31770e-07
  4.25280e-07
  5.13352e-07
  5.66506e-07
  5.55859e-07
  5.52276e-07
  5.53300e-07
  4.91979e-07
  4.45279e-07
  4.95297e-07
  5.81793e-07
  6.54027e-07
  6.96997e-07
  6.49851e-07
  5.43198e-07
  4.89220e-07
  4.93740e-07
  5.07571e-07
  5.01187e-07
  4.40367e-07
  3.79241e-07
  4.25374e-07
  5.01526e-07
  4.79681e-07
  4.31105e-07
  4.35966e-07
  4.33800e-07
  3.69708e-07
  2.21860e-07
  1.97217e-08
 -1.06190e-07
 -1.14809e-07
 -1.36454e-07
 -2.38385e-07
 -3.76886e-07
 -5.39383e-07
 -6.61963e-07
 -6.82686e-07
 -7.04213e-07
 -8.36556e-07
 -1.02888e-06
 -1.19346e-06
 -1.27475e-06
 -1.27132e-06
 -1.33753e-06
 -1.59071e-06
 -1.90479e-06
 -2.15497e-06
 -2.36824e-06
 -2.54386e-06
 -2.67277e-06
 -2.80607e-06
 -2.94742e-06
 -3.06593e-06
 -3.17507e-06
 -3.26317e-06
 -3.35614e-06
 -3.56227e-06
 -3.84671e-06
 -4.06678e-06
 -4.23947e-06
 -4.44775e-06
 -4.64570e-06
 -4.81928e-06
 -5.03149e-06
 -5.27298e-06
 -5.50338e-06
 -5.69884e-06
 -5.85535e-06
 -6.09101e-06
 -6.50562e-06
 -6.94763e-06
 -7.23587e-06
 -7.39345e-06
 -7.50240e-06
 -7.62890e-06
 -7.86872e-06
 -8.19673e-06
 -8.50087e-06
 -8.78949e-06
 -9.10064e-06
 -9.39363e-06
 -9.66847e-06
 -9.95211e-06
 -1.02130e-05
 -1.04542e-05
 -1.06744e-05
 -1.08302e-05
 -1.10107e-05
 -1.13446e-05
 -1.17505e-05
 -1.21153e-05
 -1.24724e-05
 -1.28479e-05
 -1.32306e-05
 -1.36403e-05
 -1.40303e-05
 -1.43323e-05
 -1.46042e-05
 -1.49126e-05
 -1.52619e-05
 -1.56821e-05
 -1.61473e-05
 -1.66006e-05
 -1.70725e-05
 -1.75401e-05
 -1.79294e-05
 -1.83488e-05
 -1.89194e-05
 -1.95453e-05
 -2.01204e-05
 -2.06981e-05
 -2.13820e-05
    0.0745259 -2.13978e-05
 -2.06526e-05
 -1.99603e-05
 -1.94415e-05
 -1.90306e-05
 -1.85876e-05
 -1.80718e-05
 -1.75064e-05
 -1.69907e-05
 -1.66182e-05
 -1.62788e-05
 -1.58420e-05
 -1.53693e-05
 -1.49484e-05
 -1.46221e-05
 -1.44223e-05
 -1.42306e-05
 -1.38801e-05
 -1.33993e-05
 -1.29233e-05
 -1.25357e-05
 -1.22327e-05
 -1.18983e-05
 -1.14705e-05
 -1.11054e-05
 -1.08855e-05
 -1.06371e-05
 -1.02835e-05
 -9.96105e-06
 -9.72386e-06
 -9.49875e-06
 -9.24218e-06
 -8.95953e-06
 -8.70740e-06
 -8.50236e-06
 -8.25711e-06
 -7.98093e-06
 -7.80566e-06
 -7.68275e-06
 -7.44760e-06
 -7.12013e-06
 -6.78317e-06
 -6.43749e-06
 -6.12679e-06
 -5.90587e-06
 -5.72949e-06
 -5.56760e-06
 -5.42276e-06
 -5.26749e-06
 -5.10540e-06
 -4.92650e-06
 -4.66827e-06
 -4.38098e-06
 -4.16599e-06
 -3.95099e-06
 -3.68223e-06
 -3.47085e-06
 -3.34465e-06
 -3.19021e-06
 -2.98904e-06
 -2.79792e-06
 -2.64605e-06
 -2.53839e-06
 -2.40037e-06
 -2.16659e-06
 -1.93227e-06
 -1.79669e-06
 -1.72282e-06
 -1.68013e-06
 -1.63112e-06
 -1.48301e-06
 -1.28733e-06
 -1.18522e-06
 -1.12076e-06
 -9.65811e-07
 -7.57426e-07
 -5.89418e-07
 -5.03388e-07
 -4.90922e-07
 -4.72113e-07
 -4.07369e-07
 -3.67497e-07
 -3.27496e-07
 -1.95693e-07
 -3.42146e-09
  2.02504e-07
  4.27512e-07
  5.63282e-07
  5.26121e-07
  4.61895e-07
  5.06274e-07
  5.96277e-07
  6.28191e-07
  5.64568e-07
  4.63701e-07
  4.54051e-07
  5.33226e-07
  5.86066e-07
  6.05823e-07
  6.16410e-07
  5.54675e-07
  4.64812e-07
  4.57515e-07
  4.68377e-07
  4.13779e-07
  3.70442e-07
  4.09029e-07
  5.00222e-07
  5.86090e-07
  5.86651e-07
  4.94522e-07
  3.86057e-07
  2.46336e-07
  4.92790e-08
 -8.21760e-08
 -8.98696e-08
 -8.30420e-08
 -1.09008e-07
 -1.55437e-07
 -2.50953e-07
 -3.45591e-07
 -3.51303e-07
 -3.41740e-07
 -4.29481e-07
 -6.28555e-07
 -8.84229e-07
 -1.07769e-06
 -1.14243e-06
 -1.19980e-06
 -1.34455e-06
 -1.49998e-06
 -1.64788e-06
 -1.83759e-06
 -2.00177e-06
 -2.09570e-06
 -2.20665e-06
 -2.38129e-06
 -2.59850e-06
 -2.82021e-06
 -2.96544e-06
 -3.02884e-06
 -3.13450e-06
 -3.32788e-06
 -3.56618e-06
 -3.84354e-06
 -4.08240e-06
 -4.18763e-06
 -4.25242e-06
 -4.41157e-06
 -4.61571e-06
 -4.78948e-06
 -4.93189e-06
 -5.07210e-06
 -5.29616e-06
 -5.63408e-06
 -5.96095e-06
 -6.21697e-06
 -6.47703e-06
 -6.73246e-06
 -6.94585e-06
 -7.18128e-06
 -7.47845e-06
 -7.80416e-06
 -8.12270e-06
 -8.35357e-06
 -8.49152e-06
 -8.71113e-06
 -9.07859e-06
 -9.42968e-06
 -9.66587e-06
 -9.84046e-06
 -1.00067e-05
 -1.02237e-05
 -1.05144e-05
 -1.08314e-05
 -1.11951e-05
 -1.16434e-05
 -1.20714e-05
 -1.23985e-05
 -1.26860e-05
 -1.29677e-05
 -1.32518e-05
 -1.35789e-05
 -1.39047e-05
 -1.41754e-05
 -1.44894e-05
 -1.49139e-05
 -1.53773e-05
 -1.58379e-05
 -1.62809e-05
 -1.67011e-05
 -1.71596e-05
 -1.76520e-05
 -1.81089e-05
 -1.85900e-05
 -1.91505e-05
 -1.97150e-05
 -2.02658e-05
 -2.08723e-05
 -2.15598e-05
    0.0804879 -2.15477e-05
 -2.08002e-05
 -2.01635e-05
 -1.95906e-05
 -1.90191e-05
 -1.84866e-05
 -1.80473e-05
 -1.76341e-05
 -1.71937e-05
 -1.67931e-05
 -1.64283e-05
 -1.60258e-05
 -1.55974e-05
 -1.51529e-05
 -1.46899e-05
 -1.43035e-05
 -1.40351e-05
 -1.37735e-05
 -1.34230e-05
 -1.29675e-05
 -1.25418e-05
 -1.23116e-05
 -1.21553e-05
 -1.18167e-05
 -1.13026e-05
 -1.08150e-05
 -1.04714e-05
 -1.02468e-05
 -1.00577e-05
 -9.83104e-06
 -9.57167e-06
 -9.34761e-06
 -9.15263e-06
 -8.90141e-06
 -8.56271e-06
 -8.17479e-06
 -7.82866e-06
 -7.61999e-06
 -7.45159e-06
 -7.18152e-06
 -6.89196e-06
 -6.67191e-06
 -6.48953e-06
 -6.31611e-06
 -6.12242e-06
 -5.88285e-06
 -5.63402e-06
 -5.42251e-06
 -5.24422e-06
 -5.07730e-06
 -4.90325e-06
 -4.70689e-06
 -4.51069e-06
 -4.33252e-06
 -4.10924e-06
 -3.81193e-06
 -3.54036e-06
 -3.31580e-06
 -3.05741e-06
 -2.82044e-06
 -2.67470e-06
 -2.59007e-06
 -2.53188e-06
 -2.45061e-06
 -2.34283e-06
 -2.25432e-06
 -2.14469e-06
 -1.94818e-06
 -1.72691e-06
 -1.57283e-06
 -1.46421e-06
 -1.35703e-06
 -1.27094e-06
 -1.20604e-06
 -1.13047e-06
 -1.04557e-06
 -9.28469e-07
 -7.56606e-07
 -6.12144e-07
 -5.33911e-07
 -4.61578e-07
 -3.82759e-07
 -2.62232e-07
 -1.08528e-07
 -2.16988e-08
  3.16777e-09
  6.18537e-08
  1.50883e-07
  2.14229e-07
  2.68238e-07
  3.52564e-07
  4.58865e-07
  5.47626e-07
  5.59081e-07
  4.64601e-07
  3.54589e-07
  3.43934e-07
  4.16777e-07
  5.11647e-07
  5.84788e-07
  5.66249e-07
  5.14244e-07
  5.36880e-07
  5.77714e-07
  5.70201e-07
  5.24916e-07
  4.59905e-07
  4.16142e-07
  4.14986e-07
  3.97418e-07
  3.26630e-07
  2.50071e-07
  1.83259e-07
  8.49226e-08
 -2.16808e-08
 -6.99067e-08
 -7.26075e-08
 -7.87430e-08
 -1.11089e-07
 -1.78149e-07
 -2.10187e-07
 -1.66879e-07
 -1.83166e-07
 -3.07960e-07
 -4.75203e-07
 -6.89710e-07
 -9.39485e-07
 -1.14452e-06
 -1.27600e-06
 -1.37930e-06
 -1.51080e-06
 -1.68039e-06
 -1.82452e-06
 -1.88956e-06
 -1.94777e-06
 -2.10905e-06
 -2.35192e-06
 -2.60463e-06
 -2.86995e-06
 -3.09138e-06
 -3.16682e-06
 -3.17868e-06
 -3.26528e-06
 -3.45989e-06
 -3.73465e-06
 -3.97433e-06
 -4.11993e-06
 -4.25976e-06
 -4.45933e-06
 -4.71126e-06
 -5.00347e-06
 -5.26972e-06
 -5.41680e-06
 -5.49663e-06
 -5.66424e-06
 -5.94494e-06
 -6.23798e-06
 -6.50218e-06
 -6.76258e-06
 -7.05100e-06
 -7.40422e-06
 -7.76271e-06
 -8.02071e-06
 -8.19944e-06
 -8.33561e-06
 -8.47497e-06
 -8.72182e-06
 -9.05197e-06
 -9.36569e-06
 -9.67632e-06
 -1.00150e-05
 -1.03290e-05
 -1.05943e-05
 -1.08620e-05
 -1.11690e-05
 -1.15038e-05
 -1.18385e-05
 -1.21365e-05
 -1.23896e-05
 -1.26587e-05
 -1.29784e-05
 -1.33408e-05
 -1.37327e-05
 -1.40488e-05
 -1.42422e-05
 -1.44927e-05
 -1.48850e-05
 -1.53098e-05
 -1.57307e-05
 -1.61999e-05
 -1.67182e-05
 -1.72352e-05
 -1.77094e-05
 -1.82058e-05
 -1.88187e-05
 -1.94227e-05
 -1.98402e-05
 -2.01985e-05
 -2.07498e-05
 -2.14969e-05
    0.0864500 -2.13161e-05
 -2.07225e-05
 -2.01602e-05
 -1.96356e-05
 -1.91276e-05
 -1.85987e-05
 -1.80385e-05
 -1.74741e-05
 -1.69769e-05
 -1.66157e-05
 -1.63460e-05
 -1.60536e-05
 -1.56876e-05
 -1.52665e-05
 -1.48557e-05
 -1.45314e-05
 -1.42522e-05
 -1.38941e-05
 -1.34600e-05
 -1.30608e-05
 -1.27758e-05
 -1.25578e-05
 -1.22544e-05
 -1.18347e-05
 -1.14523e-05
 -1.11748e-05
 -1.09006e-05
 -1.05485e-05
 -1.01743e-05
 -9.86712e-06
 -9.59842e-06
 -9.32684e-06
 -9.08962e-06
 -8.92791e-06
 -8.80720e-06
 -8.61752e-06
 -8.30575e-06
 -7.95578e-06
 -7.62495e-06
 -7.30975e-06
 -7.04441e-06
 -6.81582e-06
 -6.57151e-06
 -6.32705e-06
 -6.11275e-06
 -5.92452e-06
 -5.74835e-06
 -5.57499e-06
 -5.39679e-06
 -5.17085e-06
 -4.87142e-06
 -4.58497e-06
 -4.43506e-06
 -4.40143e-06
 -4.29102e-06
 -3.98546e-06
 -3.62870e-06
 -3.38228e-06
 -3.21628e-06
 -3.05111e-06
 -2.83947e-06
 -2.58482e-06
 -2.35469e-06
 -2.19354e-06
 -2.11121e-06
 -2.07638e-06
 -2.00657e-06
 -1.88060e-06
 -1.75485e-06
 -1.62291e-06
 -1.43357e-06
 -1.21842e-06
 -1.08893e-06
 -1.04339e-06
 -9.57063e-07
 -8.25628e-07
 -7.74960e-07
 -8.36572e-07
 -8.84304e-07
 -7.57264e-07
 -4.65041e-07
 -2.13701e-07
 -1.20746e-07
 -1.36840e-07
 -1.60684e-07
 -8.58415e-08
  9.05039e-08
  2.24843e-07
  2.19694e-07
  1.56032e-07
  1.80683e-07
  3.13276e-07
  4.46650e-07
  5.22727e-07
  5.57054e-07
  5.61702e-07
  5.16254e-07
  4.07222e-07
  2.95924e-07
  2.40294e-07
  2.05948e-07
  2.02758e-07
  2.76177e-07
  3.70298e-07
  4.29425e-07
  4.69030e-07
  4.94622e-07
  4.74087e-07
  3.75963e-07
  2.27054e-07
  9.85667e-08
  6.22322e-09
 -6.48674e-08
 -9.97981e-08
 -9.14220e-08
 -9.87217e-08
 -1.86498e-07
 -2.84328e-07
 -2.89900e-07
 -2.78788e-07
 -3.60506e-07
 -4.90659e-07
 -5.90937e-07
 -6.36064e-07
 -6.67406e-07
 -7.33467e-07
 -8.22806e-07
 -9.46804e-07
 -1.13645e-06
 -1.32205e-06
 -1.42879e-06
 -1.52800e-06
 -1.73136e-06
 -2.00879e-06
 -2.21484e-06
 -2.30700e-06
 -2.35955e-06
 -2.43181e-06
 -2.56365e-06
 -2.77880e-06
 -3.05158e-06
 -3.32018e-06
 -3.49053e-06
 -3.57084e-06
 -3.70356e-06
 -3.91354e-06
 -4.09742e-06
 -4.23484e-06
 -4.39289e-06
 -4.61482e-06
 -4.86320e-06
 -5.07364e-06
 -5.25104e-06
 -5.44696e-06
 -5.67993e-06
 -5.92292e-06
 -6.15626e-06
 -6.41165e-06
 -6.69295e-06
 -6.95670e-06
 -7.21742e-06
 -7.51549e-06
 -7.86209e-06
 -8.24482e-06
 -8.57028e-06
 -8.77603e-06
 -8.95093e-06
 -9.17221e-06
 -9.41655e-06
 -9.65340e-06
 -9.89587e-06
 -1.01907e-05
 -1.05545e-05
 -1.09373e-05
 -1.13084e-05
 -1.16647e-05
 -1.20024e-05
 -1.22997e-05
 -1.25581e-05
 -1.28498e-05
 -1.31959e-05
 -1.35368e-05
 -1.38571e-05
 -1.41737e-05
 -1.45037e-05
 -1.48837e-05
 -1.52843e-05
 -1.56416e-05
 -1.59627e-05
 -1.63019e-05
 -1.67192e-05
 -1.72436e-05
 -1.78040e-05
 -1.83092e-05
 -1.87888e-05
 -1.93277e-05
 -1.99405e-05
 -2.05823e-05
 -2.12112e-05
 -2.18223e-05
